V, MHC_k, MHC_DOS_k
-5.0	0.6464392564886835	0.6421593715067058
-4.995	0.6464392564886836	0.6475698355502953
-4.99	0.6464392564886836	0.6529318371675241
-4.985	0.6464392564886833	0.6582457132842953
-4.98	0.6464392564886834	0.6635120558196171
-4.975	0.6464392564886835	0.6687317054485351
-4.97	0.6464392564886836	0.6739057548529653
-4.965	0.6464392564886856	0.6790355462680203
-4.96	0.6464392564886856	0.6841226672914513
-4.955	0.6464392564886857	0.6891689487560941
-4.95	0.6464392564886855	0.6941764603075451
-4.945	0.6464392564886856	0.6991475058535537
-4.94	0.6464392564886856	0.7040846179154118
-4.935	0.6464392564886856	0.7089905522849275
-4.93	0.6464392564886856	0.7138682802805955
-4.925	0.6464392564886855	0.7187209821284478
-4.92	0.6464392564886855	0.7235520395358943
-4.915	0.6464392564886856	0.7283650253648917
-4.91	0.6464392564886857	0.7331636968836045
-4.905	0.6464392564886855	0.7379519861774827
-4.9	0.6464392564886856	0.7427339874447227
-4.895	0.6464392564886857	0.7475139514989012
-4.89	0.6464392564886857	0.7522962697778866
-4.885	0.6464392564886856	0.757085466161113
-4.88	0.6464392564886856	0.7618861844032355
-4.875	0.6464392564886856	0.7667031772037303
-4.87	0.6464392564886856	0.7715412923736367
-4.865	0.6464392564886858	0.7764054620201712
-4.86	0.6464392564886857	0.7813006882735872
-4.855	0.6464392564886857	0.7862320326939104
-4.85	0.6464392564886856	0.7912045968439643
-4.845	0.6464392564886856	0.7962235177288473
-4.84	0.6464392564886857	0.8012939477012658
-4.835	0.6464392564886856	0.8064210452614156
-4.83	0.6464392564886858	0.8116099570660247
-4.825	0.6464392564886856	0.8168658064322234
-4.82	0.6464392564886857	0.8221936794745458
-4.815	0.6464392564886857	0.8275987879737986
-4.81	0.6464392564886857	0.8330857412442045
-4.805	0.6464392564884771	0.8386596073706659
-4.8	0.6464392564886856	0.8443251909025777
-4.795	0.6464392564886857	0.8500871836134286
-4.79	0.6464392564886857	0.8559501564801677
-4.785	0.6464392564886858	0.8619185485061622
-4.78	0.6464392564886857	0.8679966519964504
-4.775	0.6464392564886857	0.8741885999151747
-4.77	0.6464392564886858	0.8804983534046413
-4.765	0.6464392564886857	0.8869296868831787
-4.76	0.6464392564886858	0.8934861807226474
-4.755	0.6464392564886858	0.9001712057188886
-4.75	0.6464392564886858	0.9069879124244349
-4.745	0.6464392564886858	0.9139392200252877
-4.74	0.6464392564886858	0.9210278056536988
-4.735	0.6464392564884667	0.928256093785943
-4.73	0.6464392564886857	0.9356262463150106
-4.725	0.6464392564886857	0.9431401537277994
-4.72	0.6464392564886859	0.9507994268605093
-4.715	0.6464392564886853	0.958605385744244
-4.71	0.6464392564886858	0.966559055656823
-4.705	0.6464392564886858	0.9746611538880345
-4.7	0.6464392564886858	0.9829120908865006
-4.695	0.6464392564886858	0.9913119592903192
-4.69	0.6464392564886857	0.9998605298656543
-4.685	0.6464392564886858	1.0085572469128077
-4.68	0.6464392564886872	1.0174012253683726
-4.675	0.6464392564886858	1.0263912413271445
-4.67	0.6464392564886858	1.0355257454802953
-4.665	0.6464392564886858	1.0448028424266724
-4.66	0.6464392564886857	1.0542202992913092
-4.655	0.6464392564886858	1.0637755493488574
-4.65	0.6464392564886858	1.0734656840373527
-4.645	0.646439256488686	1.0832874617993833
-4.64	0.6464392564886858	1.0932373061481109
-4.635	0.6464392564886857	1.10331130650944
-4.63	0.6464392564886857	1.1135052337375662
-4.625	0.6464392564886858	1.123814535009614
-4.62	0.6464392564886857	1.1342343434431477
-4.615	0.6464392564886858	1.1447594818967408
-4.61	0.6464392564886858	1.1553844753832079
-4.605	0.6464392564886858	1.1661035549072547
-4.6	0.6464392564886858	1.176910672857119
-4.595	0.6464392564886858	1.1877995076738623
-4.59	0.6464392564886858	1.1987634760553139
-4.585	0.6464392564886856	1.2097957458190758
-4.58	0.6464392564886857	1.2208892510307803
-4.575	0.6464392564886857	1.2320366949198558
-4.57	0.6464392564886837	1.243230583949594
-4.565	0.6464392564886833	1.2544632232092083
-4.56	0.6464392564886833	1.2657267416496978
-4.555	0.6464392564886834	1.2770131065683517
-4.55	0.6464392564886836	1.288314140559863
-4.545	0.6464392564886836	1.299621540584723
-4.54	0.6464392564886837	1.3109268899341238
-4.535	0.6464392564886838	1.3222216848404984
-4.53	0.6464392564886839	1.333497352412566
-4.525	0.646439256488684	1.3447452637553177
-4.52	0.6464392564886843	1.3559567612554007
-4.515	0.6464392564886843	1.3671231704988847
-4.51	0.6464392564886844	1.378235830408443
-4.505	0.6464392564886845	1.3892861075672882
-4.5	0.6464392564886847	1.4002654186134733
-4.495	0.6464392564886848	1.4111652543138673
-4.49	0.6464392564886848	1.421977185223563
-4.485	0.6464392564886849	1.4326929115613982
-4.48	0.646439256488685	1.4433042585666238
-4.475	0.646439256488685	1.4538032048540164
-4.47	0.6464392564886853	1.4641819046543993
-4.465	0.6464392564886853	1.4744327094577139
-4.46	0.6464392564886853	1.4845481843679251
-4.455	0.6464392564886854	1.4945211292115363
-4.45	0.6464392564886854	1.5043445961539597
-4.445	0.6464392564886855	1.5140119103085197
-4.44	0.6464392564886855	1.5235166851052138
-4.435	0.6464392564886856	1.532852843536716
-4.43	0.6464392564886857	1.5420146309318679
-4.425	0.6464392564886857	1.550996631095335
-4.42	0.6464392564886856	1.5597937832256044
-4.415	0.6464392564886855	1.5684013933634797
-4.41	0.6464392564886857	1.5768151505287633
-4.405	0.6464392564886858	1.5850311368510166
-4.4	0.6464392564886858	1.5930458391878106
-4.395	0.6464392564886856	1.60085615915415
-4.39	0.6464392564886848	1.6084594220274357
-4.385	0.6464392564886857	1.615853384487787
-4.38	0.6464392564886857	1.6230362409379122
-4.375	0.6464392564886857	1.630006629792497
-4.37	0.6464392564886856	1.636763636861945
-4.365	0.6464392564886856	1.6433068050504596
-4.36	0.6464392564886856	1.6496361031193847
-4.355	0.6464392564886858	1.6557519738213982
-4.35	0.6464392564886857	1.6616553155016516
-4.345	0.6464392564886856	1.6673474583763241
-4.34	0.6464392564886857	1.6728301848905571
-4.335	0.6464392564886857	1.6781057124174494
-4.33	0.6464392564886856	1.6831766915680852
-4.325	0.6464392564886857	1.6880461966862532
-4.32	0.6464392564886858	1.6927177169084056
-4.315	0.6464392564886857	1.6971951453293224
-4.31	0.6464392564886857	1.701482767201292
-4.305	0.6464392564886856	1.7055852478314353
-4.3	0.6464392564886858	1.7095076141292178
-4.295	0.6464392564886856	1.713255245584139
-4.29	0.6464392564886857	1.7168338532454677
-4.285	0.6464392564886856	1.7202494632293293
-4.28	0.6464392564886857	1.7235083896594445
-4.275	0.6464392564886858	1.7266172477910438
-4.27	0.6464392564886858	1.7295828843244132
-4.265	0.6464392564886857	1.7324123928520232
-4.26	0.6464392564886857	1.7351130759659723
-4.255	0.6464392564886857	1.7376924280107546
-4.25	0.6464392564886858	1.7401581112578686
-4.245	0.6464392564886868	1.7425182072854344
-4.24	0.6464392564886858	1.7447798112037542
-4.235	0.6464392564886858	1.746951768630254
-4.23	0.6464392564886858	1.7490418947600637
-4.225	0.6464392564886858	1.7510583250329088
-4.22	0.6464392564886859	1.75300921419464
-4.215	0.6464392564886857	1.7549027109383701
-4.21	0.6464392564886855	1.7567469478040059
-4.205	0.6464392564886856	1.7585499856029605
-4.2	0.6464392564886858	1.7603198201696963
-4.195	0.6464392564886858	1.7620643441801744
-4.19	0.6464392564886858	1.7637913264172582
-4.185	0.6464392564886858	1.765508390386923
-4.18	0.6464392564886859	1.7672229920822378
-4.175	0.6464392564886857	1.7689423993642581
-4.17	0.6464392564886858	1.7706736720818665
-4.165	0.6464392564886858	1.7724236399888178
-4.16	0.6464392564886858	1.7741988969983276
-4.155	0.6464392564886859	1.776005766763024
-4.15	0.6464392564886858	1.7778503024681493
-4.145	0.6464392564886858	1.779738244780186
-4.14	0.6464392564886859	1.7816750779542898
-4.135	0.6464392564886858	1.7836659256785352
-4.13	0.6464392564886859	1.7857156000944963
-4.125	0.6464392564886858	1.7878285772528664
-4.12	0.6464392564886856	1.7900089992476447
-4.115	0.6464392564886858	1.792260652256463
-4.11	0.6464392564886858	1.7945869797729173
-4.105	0.6464392564886858	1.7969910514356666
-4.1	0.6464392564886855	1.7994756017467675
-4.095	0.6464392564886854	1.8020430040452782
-4.09	0.6464392564886858	1.8046952763224489
-4.085	0.6464392564886858	1.8074340927869956
-4.08	0.6464392564886857	1.8102607716023291
-4.075	0.6464392564886858	1.8131763021226057
-4.07	0.6464392564886858	1.8161813446313664
-4.065	0.6464392564886858	1.819276233210406
-4.06	0.646439256488687	1.822460993193409
-4.055	0.6464392564886859	1.8257353513809698
-4.05	0.6464392564886858	1.8290987485879775
-4.045	0.6464392564886857	1.8325503538898735
-4.04	0.6464392564886858	1.8360890828043865
-4.035	0.6464392564886858	1.8397136047836455
-4.03	0.6464392564886858	1.8434223718954506
-4.025	0.6464392564886857	1.8472136287350016
-4.02	0.6464392564886857	1.851085437421061
-4.015	0.6464392564886857	1.8550356876078324
-4.01	0.6464392564886857	1.8590621262233036
-4.005	0.6464392564886857	1.8631623728090578
-4.0	0.6464392564886856	1.8673339414015677
-3.995	0.6464392564886856	1.871574269525703
-3.99	0.6464392564886856	1.8758807089826293
-3.985	0.6464392564886858	1.8802505914406569
-3.98	0.6464392564886857	1.8846812189509707
-3.975	0.6464392564886857	1.8891699014434362
-3.97	0.6464392564886858	1.893713967429843
-3.965	0.6464392564886857	1.8983107801769579
-3.96	0.6464392564886859	1.9029577775675712
-3.955	0.6464392564886857	1.9076524750211228
-3.95	0.6464392564886858	1.9123924929854932
-3.945	0.6464392564886857	1.917175572969709
-3.94	0.6464392564886856	1.921999594967287
-3.935	0.6464392564886857	1.9268625992732311
-3.93	0.6464392564886858	1.9317627976023226
-3.925	0.6464392564886857	1.936698592055008
-3.92	0.6464392564886858	1.9416685879715498
-3.915	0.6464392564886846	1.9466716124303842
-3.91	0.6464392564886857	1.9517067238512522
-3.905	0.6464392564886858	1.9567732139155782
-3.9	0.6464392564886858	1.9618706379159672
-3.895	0.6464392564886857	1.9669988105217304
-3.89	0.6464392564886857	1.9721578174032126
-3.885	0.6464392564886858	1.9773480200138864
-3.88	0.6464392564886856	1.9825700712569676
-3.875	0.6464392564886856	1.9878249035660631
-3.87	0.6464392564886856	1.9931137457520944
-3.865	0.6464392564886856	1.9984381199905523
-3.86	0.6464392564886856	2.0037998437117457
-3.855	0.6464392564886854	2.0092010283918524
-3.85	0.6464392564886855	2.0146440793916898
-3.845	0.6464392564886855	2.0201316924056387
-3.84	0.6464392564886854	2.0256668495358543
-3.835	0.6464392564886853	2.0312528105221648
-3.83	0.6464392564886852	2.0368931235769896
-3.825	0.6464392564886849	2.042591588864225
-3.82	0.646439256488685	2.0483522820460163
-3.815	0.646439256488685	2.05417951795412
-3.81	0.6464392564886848	2.0600778568597082
-3.805	0.6464392564886847	2.0660520857672147
-3.8	0.6464392564886845	2.072107211983122
-3.795	0.6464392564886844	2.0782484442160123
-3.79	0.6464392564886844	2.0844811853971397
-3.785	0.6464392564886842	2.090810918785003
-3.78	0.646439256488684	2.0972435705859724
-3.775	0.6464392564886839	2.1037849305843213
-3.77	0.6464392564886838	2.1104411031691788
-3.765	0.6464392564886836	2.117218030108327
-3.76	0.6464392564886836	2.12412202145354
-3.755	0.6464392564886835	2.1311593798844854
-3.75	0.6464392564886835	2.1383364596893766
-3.745	0.6464392564886833	2.145659635624826
-3.74	0.6464392564886833	2.1531353762782213
-3.735	0.6464392564886835	2.1607700798064275
-3.73	0.6464392564886856	2.1685701547238656
-3.725	0.6464392564886856	2.1765419753489956
-3.72	0.6464392564886857	2.184691857545387
-3.715	0.6464392564886857	2.193026062679576
-3.71	0.6464392564886857	2.2015507406559585
-3.705	0.6464392564886856	2.210271941740051
-3.7	0.6464392564886857	2.2191955742810436
-3.695	0.6464392564886857	2.228327438366351
-3.69	0.6464392564886857	2.2376731328044404
-3.685	0.6464392564886858	2.2472380835697234
-3.68	0.6464392564886856	2.2570275219188813
-3.675	0.6464392564886856	2.267046461964885
-3.67	0.6464392564886857	2.2772996857363457
-3.665	0.6464392564886856	2.2877917273256445
-3.66	0.6464392564886857	2.298526857365817
-3.655	0.6464392564886857	2.309508635607731
-3.65	0.6464392564886856	2.320741619592044
-3.645	0.6464392564886856	2.332228780651356
-3.64	0.6464392564886856	2.3439731949455647
-3.635	0.6464392564886856	2.3559776076803827
-3.63	0.6464392564886857	2.368244421525969
-3.625	0.6464392564886869	2.380775685733323
-3.62	0.6464392564886857	2.3935730845439767
-3.615	0.6464392564886856	2.406637933314563
-3.61	0.6464392564886856	2.4199711639014985
-3.605	0.6464392564886858	2.433573311277981
-3.6	0.6464392564886857	2.4474445251389807
-3.595	0.6464392564886856	2.461584544612316
-3.59	0.6464392564886854	2.4759927111669597
-3.585	0.6464392564886857	2.4906679242911056
-3.58	0.6464392564886856	2.505608666153572
-3.575	0.6464392564886857	2.520813060477603
-3.57	0.6464392564884668	2.5362787380616028
-3.565	0.6464392564886858	2.5520029246504943
-3.56	0.6464392564886857	2.5679824186159097
-3.555	0.6464392564886856	2.5842135874904244
-3.55	0.6464392564886857	2.600692372320648
-3.545	0.6464392564886859	2.6174142854680538
-3.54	0.6464392564886858	2.634374412733799
-3.535	0.6464392564886857	2.6515674195199654
-3.53	0.6464392564886857	2.668987572118022
-3.525	0.6464392564886858	2.6866286229373637
-3.52	0.6464392564886858	2.7044839837268553
-3.515	0.6464392564886856	2.722546715713281
-3.51	0.6464392564886857	2.7408093690880113
-3.505	0.6464392564886856	2.7592641490843697
-3.5	0.646439256488477	2.7779028459521724
-3.495	0.6464392564886858	2.7967168681010337
-3.49	0.6464392564886856	2.8156972593862806
-3.485	0.6464392564886858	2.8348346663492485
-3.48	0.6464392564886856	2.854119374930893
-3.475	0.6464392564886858	2.8735413471192235
-3.47	0.6464392564886857	2.893090180162953
-3.465	0.6464392564886855	2.9127551145983976
-3.46	0.6464392564886858	2.9325250846395488
-3.455	0.6464392564886857	2.9523887278919445
-3.45	0.6464392564886856	2.9723343596852865
-3.445	0.6464392564886857	2.992349988282776
-3.44	0.6464392564886857	3.012423358668397
-3.435	0.6464392564886857	3.032541950026759
-3.43	0.6464392564886857	3.052692985431811
-3.425	0.6464392564886856	3.072863443040096
-3.42	0.6464392564886857	3.093040078270335
-3.415	0.6464392564886856	3.11320943348274
-3.41	0.6464392564886857	3.133357857642124
-3.405	0.6464392564886858	3.1534715000603124
-3.4	0.6464392564886856	3.173536380846842
-3.395	0.6464392564886856	3.1935383346049604
-3.39	0.6464392564886856	3.2134631129669238
-3.385	0.6464392564886856	3.23329480577235
-3.38	0.6464392564886856	3.2530233933157504
-3.375	0.6464392564886856	3.2726298542662993
-3.37	0.6464392564886857	3.2921010574680816
-3.365	0.6464392564886856	3.3114223465801325
-3.36	0.6464392564886856	3.330579049914421
-3.355	0.6464392564886857	3.349556500808866
-3.35	0.6464392564886857	3.3683400527943745
-3.345	0.6464392564886858	3.38691512729745
-3.34	0.6464392564886856	3.405267197087321
-3.335	0.6464392564886836	3.423381835613352
-3.33	0.6464392564886833	3.4412447336641776
-3.325	0.6464392564886832	3.4588417254688197
-3.32	0.6464392564886835	3.4761588079255836
-3.315	0.6464392564886835	3.493182161973774
-3.31	0.6464392564886836	3.5098981925091404
-3.305	0.6464392564886838	3.526293540253525
-3.3	0.6464392564886837	3.5423551096028723
-3.295	0.6464392564886838	3.5580700954759683
-3.29	0.646439256488684	3.5734260062814664
-3.285	0.6464392564886842	3.58841069439029
-3.28	0.6464392564886842	3.6030124423239775
-3.275	0.6464392564886845	3.6172197257169714
-3.27	0.6464392564886846	3.6310216288813484
-3.265	0.6464392564886847	3.644407615385217
-3.26	0.6464392564886849	3.657367603885502
-3.255	0.6464392564927514	3.6698920171351843
-3.25	0.6464392564923717	3.6819717873276843
-3.245	0.6464392564920177	3.6935983547015625
-3.24	0.6464392564916891	3.7047637376403943
-3.235	0.6464392566446696	3.7154605284726125
-3.23	0.6464392566211404	3.7256819131494794
-3.225	0.6464392566010164	3.735421693431003
-3.22	0.6464392565838278	3.7446743013311954
-3.215	0.6464392565691666	3.753434825553079
-3.21	0.6464392565566779	3.7616990079554187
-3.205	0.6464392565460543	3.769463279457444
-3.2	0.646439256537029	3.776724759339725
-3.195	0.6464392565293722	3.7834812695448212
-3.19	0.6464392565228846	3.789731338848987
-3.185	0.6464392565173953	3.795474235367757
-3.18	0.6464392565127567	3.8007099251963767
-3.175	0.6464392565088419	3.805439178724625
-3.17	0.6464392565055429	3.8096633192239944
-3.165	0.6464392565027659	3.813384577762266
-3.16	0.6464392565004314	3.8166058697497975
-3.155	0.6464392564984719	3.8193308230569816
-3.15	0.646439256496829	3.8215637948549004
-3.145	0.6464392564954533	3.823309873544721
-3.14	0.6464392564943029	3.8245748046099424
-3.135	0.6464392564933421	3.8253650762014715
-3.13	0.646439256492541	3.8256878422074667
-3.125	0.6464392564918735	3.8255509230357516
-3.12	0.6464392564913184	3.8249627885079427
-3.115	0.646439256490857	3.8239325373322157
-3.11	0.6464392564904743	3.822469883172812
-3.105	0.6464392564901573	3.820585122519283
-3.1	0.6464392564898948	3.818289111558032
-3.095	0.6464392564896778	3.8155932662834173
-3.09	0.646439256489499	3.812509484426196
-3.085	0.6464392564893512	3.809050163735329
-3.08	0.6464392564892296	3.8052281629048457
-3.075	0.6464392564891298	3.801056733637402
-3.07	0.6464392564890479	3.7965495547317287
-3.065	0.6464392564889806	3.7917206313434226
-3.06	0.6464392564889255	3.786584329485079
-3.055	0.6464392564888806	3.7811552826700754
-3.05	0.6464392564888435	3.7754483877416507
-3.045	0.6464392564888135	3.7694787737557416
-3.04	0.6464392564887893	3.7632617437873077
-3.035	0.6464392564887694	3.7568127641543474
-3.03	0.6464392564887533	3.75014743098732
-3.025	0.6464392564887401	3.743281403534832
-3.02	0.6464392564887294	3.7362304170328073
-3.015	0.6464392564887209	3.7290102132904823
-3.01	0.6464392564887138	3.7216365438870342
-3.005	0.6464392564887083	3.7141250533175096
-3.0	0.6464392564887038	3.7064913895055573
-2.995	0.6464392564887003	3.6987510603755256
-2.99	0.6464392564886975	3.6909194281460516
-2.985	0.6464392564886949	3.683011724881598
-2.98	0.6464392564886932	3.6750429891422915
-2.975	0.6464392564886917	3.667028050268251
-2.97	0.6464392564886902	3.6589815107309875
-2.965	0.6464392564886895	3.650917722978318
-2.96	0.6464392564886887	3.6428507714601848
-2.955	0.646439256488688	3.634794464790341
-2.95	0.6464392564886877	3.626762284461506
-2.945	0.6464392564886874	3.618767394557229
-2.94	0.6464392564886869	3.6108227230690746
-2.935	0.6464392564886867	3.6029407630043533
-2.93	0.6464392564886866	3.5951336987122486
-2.925	0.6464392564886865	3.5874133704117455
-2.92	0.6464392564886864	3.579791262190833
-2.915	0.6464392564886863	3.5722785043491045
-2.91	0.6464392564886862	3.564885878907764
-2.905	0.6464392564886862	3.557623790227115
-2.9	0.6464392564886863	3.5505023109862086
-2.895	0.6464392564886863	3.5435311540147314
-2.89	0.6464392564886862	3.536719684656492
-2.885	0.646439256488686	3.5300769400019307
-2.88	0.6464392564886862	3.5236116111653493
-2.875	0.6464392564886863	3.5173320673306683
-2.87	0.6464392564886863	3.511246361486082
-2.865	0.6464392564886864	3.505362233580423
-2.86	0.6464392564886863	3.4996871289656126
-2.855	0.6464392564886867	3.4942282016262616
-2.85	0.6464392564886869	3.488992328081587
-2.845	0.6464392564886872	3.4839861140435735
-2.84	0.6464392564886875	3.4792159071678106
-2.835	0.6464392564886878	3.4746878064420925
-2.83	0.646439256488688	3.4704076717911327
-2.825	0.6464392564886899	3.466381140963215
-2.82	0.6464392564886893	3.462613609969113
-2.815	0.6464392564886899	3.4591102841845305
-2.81	0.6464392564886907	3.4558761448349866
-2.805	0.6464392564886916	3.452916015949425
-2.8	0.6464392564886927	3.4502344816346144
-2.795	0.6464392564886943	3.4478359649978176
-2.79	0.6464392564886957	3.4457247011664345
-2.785	0.6464392564886976	3.44390474506066
-2.78	0.6464392564886999	3.442379952585414
-2.775	0.6464392564887024	3.4411540687921636
-2.77	0.6464392564887057	3.4402306041304818
-2.765	0.6464392564887093	3.4396129045789983
-2.76	0.6464392564887136	3.439304138106822
-2.755	0.6464392564887187	3.43930729130207
-2.75	0.6464392564887247	3.439625160558083
-2.745	0.6464392564887315	3.440260348993204
-2.74	0.6464392564887396	3.4412152644928167
-2.735	0.6464392564887489	3.4424921026925506
-2.73	0.6464392564887599	3.4440928420311216
-2.725	0.6464392564887727	3.4460192469300828
-2.72	0.6464392564887872	3.4482728384190535
-2.715	0.6464392564888041	3.450854896592063
-2.71	0.6464392564888235	3.4537664443729263
-2.705	0.6464392564888461	3.4570082434698675
-2.7	0.6464392564888721	3.4605807730105784
-2.695	0.6464392564889018	3.4644842259112627
-2.69	0.646439256488936	3.46871848799771
-2.685	0.6464392564889749	3.4732831419366788
-2.68	0.6464392564890193	3.47817741297884
-2.675	0.6464392564890702	3.483400247475701
-2.67	0.6464392564891276	3.488950193639632
-2.665	0.646439256489193	3.494825452317009
-2.66	0.646439256489267	3.5010238561739344
-2.655	0.6464392564893504	3.5075428518061904
-2.65	0.6464392564894444	3.514379494483034
-2.645	0.6464392564895503	3.521530437430996
-2.64	0.6464392564896688	3.5289919229451785
-2.635	0.6464392564898012	3.5367597743300627
-2.63	0.6464392564899487	3.544829387022795
-2.625	0.6464392564901129	3.5531957269604337
-2.62	0.6464392564902952	3.5618533120265807
-2.615	0.6464392564904963	3.5707962277201912
-2.61	0.6464392564907179	3.5800181043435932
-2.605	0.6464392564909611	3.589512113226133
-2.6	0.6464392564912275	3.599270979319355
-2.595	0.6464392564915173	3.6092869668221432
-2.59	0.6464392564918322	3.619551880979303
-2.585	0.6464392564921719	3.6300570674633557
-2.58	0.6464392564925375	3.6407934052029582
-2.575	0.6464392564886849	3.6517513318838093
-2.57	0.6464392564886847	3.6629208196246594
-2.565	0.6464392564886846	3.674291377526617
-2.56	0.6464392564886844	3.6858520669204213
-2.555	0.6464392564886843	3.6975914989501346
-2.55	0.6464392564886843	3.709497836804416
-2.545	0.646439256488684	3.721558803881976
-2.54	0.6464392564886839	3.7337616812609835
-2.535	0.6464392564886828	3.7460933172780653
-2.53	0.6464392564886836	3.7585401009512682
-2.525	0.6464392564886836	3.771088076746192
-2.52	0.6464392564886836	3.7837227923210386
-2.515	0.6464392564886835	3.7964293898019164
-2.51	0.6464392564886833	3.8091926300369514
-2.505	0.6464392564886833	3.8219968891115115
-2.5	0.6464392564886834	3.834826083028752
-2.495	0.6464392564886836	3.8476637493055814
-2.49	0.6464392564886857	3.8604930828253154
-2.485	0.6464392564886858	3.873296843647481
-2.48	0.6464392564886855	3.8860574576232
-2.475	0.6464392564886857	3.898756971473449
-2.47	0.6464392564886858	3.9113770633356895
-2.465	0.6464392564886858	3.9238990678950256
-2.46	0.6464392564886858	3.9363039680322096
-2.455	0.6464392564886856	3.9485724079783053
-2.45	0.6464392564886857	3.96068470616115
-2.445	0.6464392564886857	3.972620856428321
-2.44	0.6464392564886856	3.98436054276303
-2.435	0.6464392564886858	3.995883148552144
-2.43	0.6464392564886856	4.007167767910156
-2.425	0.6464392564886857	4.018193218435558
-2.42	0.6464392564886857	4.028938036834722
-2.415	0.6464392564886857	4.039380555563668
-2.41	0.6464392564886857	4.049498834843044
-2.405	0.6464392564886856	4.059270726896528
-2.4	0.6464392564886858	4.06867388764901
-2.395	0.6464392564886855	4.077685794826808
-2.39	0.6464392564886869	4.086283770519356
-2.385	0.6464392564886856	4.094445000455038
-2.38	0.6464392564886857	4.1021465649356745
-2.375	0.6464392564886858	4.109365459579563
-2.37	0.6464392564886855	4.116078628951387
-2.365	0.6464392564886857	4.122262995254071
-2.36	0.6464392564886857	4.1278954579093705
-2.355	0.6464392564886855	4.132953048589622
-2.35	0.6464392564886858	4.13741279186819
-2.345	0.6464392564886857	4.141251855289065
-2.34	0.6464392564886858	4.1444475691512865
-2.335	0.6464392564884563	4.146977460914476
-2.33	0.6464392564886857	4.148819273722161
-2.325	0.6464392564886856	4.149951121635459
-2.32	0.6464392564886858	4.150351363004884
-2.315	0.6464392564886858	4.149998783185635
-2.31	0.6464392564886856	4.148872587314147
-2.305	0.6464392564886856	4.146952463874024
-2.3	0.6464392564886857	4.144218641137288
-2.295	0.6464392564886857	4.140651934047915
-2.29	0.6464392564886857	4.136233799539573
-2.285	0.6464392564886857	4.13094638935265
-2.28	0.6464392564886857	4.124772606352791
-2.275	0.6464392564886857	4.117696157743235
-2.27	0.6464392564886857	4.109701609770828
-2.265	0.6464392564886857	4.100774441743266
-2.26	0.64643925648845	4.090901099440282
-2.255	0.6464392564886858	4.080069047668968
-2.25	0.6464392564886857	4.068266820733991
-2.245	0.6464392564886855	4.055484077332055
-2.24	0.6464392564886855	4.041711639488386
-2.235	0.6464392564886857	4.026941560788053
-2.23	0.6464392564886857	4.0111671164253435
-2.225	0.6464392564886858	3.9943829178232866
-2.22	0.6464392564886858	3.976584917003992
-2.215	0.6464392564886857	3.9577704318528815
-2.21	0.6464392564886858	3.9379381957018382
-2.205	0.6464392564886869	3.9170883824351717
-2.2	0.6464392564886857	3.895222638004748
-2.195	0.6464392564886859	3.8723440935611646
-2.19	0.6464392564886858	3.8484573936090607
-2.185	0.6464392564886857	3.8235687066991857
-2.18	0.6464392564886858	3.797685736801152
-2.175	0.6464392564886858	3.7708177266076106
-2.17	0.6464392564886856	3.7429754714025227
-2.165	0.6464392564886858	3.7141712984389237
-2.16	0.6464392564886856	3.684419071627925
-2.155	0.6464392564886858	3.6537341766276468
-2.15	0.6464392564886857	3.622133502272784
-2.145	0.6464392564886858	3.5896354268836332
-2.14	0.6464392564886858	3.5562597800201017
-2.135	0.6464392564886856	3.522027825137295
-2.13	0.6464392564886857	3.486962213166011
-2.125	0.6464392564886858	3.451086948973217
-2.12	0.6464392564886856	3.4144273497556363
-2.115	0.6464392564886857	3.3770099893516687
-2.11	0.6464392564886858	3.3388626540709416
-2.105	0.6464392564886857	3.30001428224664
-2.1	0.6464392564886837	3.2604949058174664
-2.095	0.6464392564886836	3.2203355876858866
-2.09	0.6464392564886834	3.1795683552085228
-2.085	0.6464392564886834	3.138226130975213
-2.08	0.6464392564886835	3.0963426598611146
-2.075	0.6464392564886835	3.0539524383113643
-2.07	0.6464392564886838	3.011090632974169
-2.065	0.6464392564886838	2.967792993366253
-2.06	0.6464392564886838	2.9240958078975563
-2.055	0.646439256488684	2.880035790828946
-2.05	0.6464392564886842	2.835649991621579
-2.045	0.6464392564886842	2.7909757353569757
-2.04	0.6464392564886843	2.746050532272273
-2.035	0.6464392564886846	2.700911991215599
-2.03	0.6464392564886847	2.6555977468816305
-2.025	0.6464392564886847	2.6101453624047948
-2.02	0.6464392564886849	2.564592259096961
-2.015	0.6464392564886848	2.5189756309270535
-2.01	0.646439256488685	2.4733323701155583
-2.005	0.6464392564886852	2.427699339228863
-2.0	0.6464392564886853	2.382111852194678
-1.995	0.6464392564886853	2.336605552273615
-1.99	0.6464392564886853	2.291215957634306
-1.985	0.6464392564886853	2.2459770210055594
-1.98	0.6464392564886853	2.2009222772685293
-1.975	0.6464392564886853	2.156084478752953
-1.97	0.6464392564886853	2.111495524557891
-1.965	0.6464392564886853	2.0671864136363642
-1.96	0.6464392564886852	2.0231871987488996
-1.955	0.6464392564886852	1.9795269260893869
-1.95	0.6464392564886852	1.9362336100484103
-1.945	0.6464392564886848	1.8933341835846522
-1.94	0.6464392564886848	1.850854466783081
-1.935	0.6464392564886847	1.8088191362166597
-1.93	0.6464392564886845	1.7672516987235207
-1.925	0.6464392564886842	1.7261744704530546
-1.92	0.6464392564886838	1.6856085552932638
-1.915	0.6464392564886834	1.6455738331649945
-1.91	0.6464392564886827	1.6060889525310356
-1.905	0.6464392564886823	1.5671713209373537
-1.9	0.6464392564886815	1.5288371040907558
-1.895	0.6464392564886806	1.4911011350639451
-1.89	0.6464392564886794	1.4539773161391898
-1.885	0.6464392564886782	1.417477961985917
-1.88	0.6464392564886766	1.3816143589402239
-1.875	0.6464392564886747	1.346396555281207
-1.87	0.6464392564886724	1.3118334318545646
-1.865	0.6464392564886694	1.277932707212831
-1.86	0.6464392564886661	1.2447009573984744
-1.855	0.6464392564886621	1.2121436607146856
-1.85	0.646439256488657	1.1802652224477754
-1.845	0.646439256488651	1.1490690025179287
-1.84	0.6464392564886436	1.1185573411574503
-1.835	0.6464392564886353	1.0887316097302806
-1.83	0.6464392564886247	1.0595922385012133
-1.825	0.6464392564886121	1.031138747308081
-1.82	0.6464392564885969	1.0033698050753477
-1.815	0.6464392564885785	0.9762832577772795
-1.81	0.6464392564885564	0.9498761676646748
-1.805	0.64643925648853	0.9241448591626993
-1.8	0.6464392564884978	0.8990849598077211
-1.795	0.6464392564884591	0.8746914395573455
-1.79	0.6464392564884127	0.8509586625792799
-1.785	0.6464392564883569	0.8278804215154938
-1.78	0.6464392564882899	0.8054499717428416
-1.775	0.6464392564882091	0.7836600891456607
-1.77	0.6464392564881122	0.7625030728520362
-1.765	0.6464392564879954	0.7419708930598885
-1.76	0.6464392564878555	0.7220550754706592
-1.755	0.6464392564876874	0.7027468402092516
-1.75	0.6464392564874857	0.6840371143863753
-1.745	0.6464392564872433	0.6659165648608747
-1.74	0.6464392564869531	0.6483756346047262
-1.735	0.6464392564866043	0.6314045740956267
-1.73	0.6464392564861874	0.6149934734810787
-1.725	0.6464392564856873	0.5991322902002854
-1.72	0.6464392564850885	0.5838108819773083
-1.715	0.6464392564843717	0.569019026346473
-1.71	0.6464392564835135	0.5547464491898007
-1.705	0.6464392564824875	0.540982845943906
-1.7	0.6464392564812602	0.5277179081271329
-1.695	0.6464392564797936	0.5149413323051095
-1.69	0.6464392564780417	0.5026428488520894
-1.685	0.6464392564759495	0.49081223227859455
-1.68	0.6464392564734521	0.4794393165363502
-1.675	0.6464392564704727	0.4685140099133942
-1.67	0.6464392564669199	0.45802630317188997
-1.665	0.6464392564626851	0.4479662825011865
-1.66	0.6464392564576397	0.4383241338311734
-1.655	0.6464392564516317	0.42909015437678877
-1.65	0.6464392564444807	0.4202547557319787
-1.645	0.6464392564359739	0.41180846638304247
-1.64	0.6464392564258586	0.40374193848347234
-1.635	0.6464392564138375	0.39604594619855493
-1.63	0.6464392563995581	0.3887113884981424
-1.625	0.6464392563826052	0.38172928059045913
-1.62	0.6464392563624898	0.37509078217841196
-1.615	0.6464392563386332	0.36878715226690595
-1.61	0.6464392563103554	0.362809773660477
-1.605	0.6464392562768552	0.35715014431712716
-1.6	0.6464392562371898	0.35179990549649803
-1.595	0.6464392561902511	0.3467507020029778
-1.59	0.646439256134736	0.34199438265829357
-1.585	0.6464392560691145	0.33752285629114276
-1.58	0.6464392559915916	0.3333281216760361
-1.575	0.6464392559000611	0.32940226079610563
-1.57	0.6464392557920549	0.32573743387143306
-1.565	0.6464392556646822	0.32232587267313534
-1.56	0.646439255514559	0.3191598750609091
-1.555	0.6464392553377278	0.31623179801952983
-1.55	0.6464392551295615	0.3135340546735101
-1.545	0.6464392548846569	0.3110591065641814
-1.54	0.6464392545967051	0.308799458097116
-1.535	0.6464392542583492	0.3067476530716441
-1.53	0.6464392538610125	0.30489626968864253
-1.525	0.6464392533947048	0.3032379172864282
-1.52	0.6464392528477982	0.3017652294299633
-1.515	0.6464392522067682	0.3004708659249595
-1.51	0.6464392514558943	0.2993475066297674
-1.505	0.6464392505769194	0.2983878502063449
-1.5	0.6464392495486532	0.2975846130158354
-1.495	0.6464392483465209	0.2969305279454307
-1.49	0.6464392469420428	0.29641834416834895
-1.485	0.6464392453022384	0.29604082750093197
-1.48	0.6464392433889448	0.29579076128301357
-1.475	0.6464392411580331	0.29566094803737486
-1.47	0.6464392385585174	0.29564421105581373
-1.465	0.6464392355315313	0.29573339928658804
-1.46	0.6464392320091625	0.29592138761250514
-1.455	0.6464392279131242	0.2962010821638096
-1.45	0.6464392231532379	0.29656542715084416
-1.445	0.6464392176257076	0.2970074058238226
-1.44	0.6464392112111577	0.2975200487757823
-1.435	0.6464392037724003	0.29809643905254773
-1.43	0.646439195151902	0.29872972012333526
-1.425	0.6464391851689082	0.2994131006654968
-1.42	0.6464391736161853	0.3001398635425036
-1.415	0.6464391602563287	0.3009033729516589
-1.41	0.6464391448175902	0.3016970833548638
-1.405	0.6464391269891558	0.30251454657908644
-1.4	0.6464391064158177	0.3033494211673864
-1.395	0.6464390826787741	0.3041954818819168
-1.39	0.646439055339315	0.3050466273798825
-1.385	0.6464390238585457	0.3058968886644767
-1.38	0.6464389876353882	0.3067404415423683
-1.375	0.6464389459857027	0.3075716129425774
-1.37	0.6464388981314515	0.30838499747093207
-1.365	0.6464388431885416	0.30917493320098205
-1.36	0.6464387801532039	0.3099365792106564
-1.355	0.6464387078867408	0.3106648525298844
-1.35	0.6464386250984703	0.3113549760974324
-1.345	0.6464385303266663	0.3120023774642868
-1.34	0.6464384219172864	0.31260269992893586
-1.335	0.6464382980002518	0.31315179989546005
-1.33	0.6464381564630222	0.31364576995866894
-1.325	0.6464379949211918	0.314080935681899
-1.32	0.6464378106858022	0.31445386697981276
-1.315	0.6464376007270394	0.3147613745709357
-1.31	0.6464373616339648	0.3150005305955615
-1.305	0.6464370895698864	0.3151686635699217
-1.3	0.6464367802229523	0.3152633647422795
-1.295	0.6464364287515159	0.3152824930473945
-1.29	0.646436029723779	0.3152241785412498
-1.285	0.6464355770511907	0.3150868240839179
-1.28	0.6464350639150286	0.31486910800710516
-1.275	0.646434482685561	0.31456998556953186
-1.27	0.6464338248338641	0.31418868970570435
-1.265	0.6464330808313173	0.3137247308530327
-1.26	0.6464322400464476	0.3131778993234097
-1.255	0.6464312906247975	0.3125482538322615
-1.25	0.64643021936086	0.311836133494986
-1.245	0.6464290115573216	0.3110421476180138
-1.24	0.6464276519668983	0.31016717285644546
-1.235	0.6464261203869597	0.3092123498670486
-1.23	0.6464243962303561	0.3081790786884316
-1.225	0.6464224597749697	0.3070690135683632
-1.22	0.6464202850205043	0.30588405669054897
-1.215	0.6464178445601241	0.30462635227958335
-1.21	0.6464151080790346	0.30329827908031315
-1.205	0.6464120421010158	0.3019024423257587
-1.2	0.6464086096561169	0.30044166744995465
-1.195	0.6464047699791264	0.2989189883968132
-1.19	0.6464004781555551	0.29733764017636843
-1.185	0.6463956847456941	0.29570105244564704
-1.18	0.6463903353798958	0.2940128257060185
-1.175	0.6463843703234446	0.2922767408625376
-1.17	0.6463777240093641	0.29049673395106096
-1.165	0.6463703245374625	0.28867688981824113
-1.16	0.6463620931379208	0.28682142918256454
-1.155	0.6463529435977046	0.2849346977816882
-1.15	0.6463427816480882	0.28302115101146663
-1.145	0.6463315043115908	0.2810853459822966
-1.14	0.6463189992066427	0.2791319258021281
-1.135	0.6463051438083427	0.27716508701968157
-1.13	0.6462898046637131	0.27519116856405096
-1.125	0.6462728365599293	0.2732134344417924
-1.12	0.6462540816440774	0.27123726457108976
-1.115	0.6462333684931021	0.2692675400522991
-1.11	0.646210511132723	0.2673091483600271
-1.105	0.6461853080042355	0.26536697199870796
-1.1	0.6461575408785083	0.2634458742332622
-1.095	0.6461269737151156	0.26155068615687505
-1.09	0.6460933514693356	0.2596861912572165
-1.085	0.6460563988424659	0.25785711586260374
-1.08	0.6460158189785654	0.25606811398579915
-1.075	0.6459712921066503	0.25432375434613325
-1.07	0.6459224741291149	0.2526285084549331
-1.065	0.6458689951572959	0.25098673623889883
-1.06	0.6458104579954665	0.24940267614546907
-1.055	0.6457464365749427	0.2478804318489162
-1.05	0.6456764743404189	0.24642396028429814
-1.045	0.6456000825911001	0.2450370602038389
-1.04	0.6455167387796857	0.24372336099044653
-1.035	0.6454258847727653	0.2424863116608308
-1.03	0.6453269250767306	0.24132917080769992
-1.025	0.6452192250338629	0.240254994424835
-1.02	0.645102108993841	0.23926662867432283
-1.015	0.6449748584665197	0.23836669892806178
-1.01	0.6448367102624502	0.2375576026040375
-1.005	0.6446868546282646	0.23684149578176306
-1.0	0.6445244333846121	0.23622029162931907
-0.995	0.644348538075284	0.23569564888746775
-0.99	0.6441582081362565	0.2352689657691975
-0.985	0.6439524290947718	0.23494137361568396
-0.98	0.6437301308085668	0.23471373095922998
-0.975	0.6434901857566144	0.23458661848799917
-0.97	0.6432314073927693	0.23456033352387626
-0.965	0.6429525485748643	0.2346348873758841
-0.96	0.6426523000820865	0.23481000038962696
-0.955	0.6423292892341206	0.2350851023950868
-0.95	0.6419820786260627	0.23545932641346462
-0.945	0.6416091649935775	0.2359315103579811
-0.94	0.6412089782231969	0.23650019622723564
-0.935	0.6407798805230313	0.2371636298314188
-0.93	0.6403201657694493	0.2379197623289883
-0.925	0.6398280590455233	0.23876625191972128
-0.92	0.6393017163871696	0.2397004671494892
-0.915	0.6387392247529793	0.24071948964936069
-0.91	0.6381386022336923	0.2418201190595725
-0.905	0.6374977985171355	0.242998878480503
-0.9	0.6368146956241967	0.24425202011339273
-0.895	0.6360871089310558	0.2455755325928593
-0.89	0.6353127884924145	0.24696514875155495
-0.885	0.634489420679871	0.2484163544770734
-0.88	0.6336146301488695	0.24992439766391902
-0.875	0.6326859821467883	0.2514842995331119
-0.87	0.6317009851737584	0.25309086522978974
-0.865	0.6306570940066819	0.25473869601445265
-0.86	0.6295517130956617	0.25642220232751367
-0.855	0.6283822003406728	0.25813561638479
-0.85	0.6271458712547858	0.2598730080530697
-0.845	0.6258400035185961	0.2616282986936179
-0.84	0.6244618419287514	0.26339527729700496
-0.835	0.6230086037415544	0.2651676170388011
-0.83	0.6214774844106234	0.26693889006590527
-0.825	0.6198656637154628	0.26870259122203777
-0.82	0.6181703122755802	0.2704521457706323
-0.815	0.6163885984424853	0.27218093556821354
-0.81	0.6145176955595139	0.2738823190489456
-0.805	0.6125547895769785	0.2755496430338757
-0.8	0.6104970870076424	0.2771762668338823
-0.795	0.60834182320498	0.2787555810643261
-0.79	0.6060862709441328	0.28028102641179237
-0.785	0.6037277492829	0.28174611423563795
-0.78	0.6012636326814578	0.2831444455579307
-0.775	0.5986913603293903	0.28446973060719366
-0.77	0.5960084457100483	0.2857158081054109
-0.765	0.5932124862881126	0.28687666444918264
-0.76	0.5903011733476551	0.2879464522666794
-0.755	0.5872723019183608	0.28891950905430613
-0.75	0.5841237807550785	0.2897903740769649
-0.745	0.5808536423296623	0.2905538057145011
-0.74	0.5774600527923477	0.291204802593233
-0.735	0.5739413218583388	0.29173861074319024
-0.73	0.5702959125739537	0.29215074636762906
-0.725	0.5665224509155553	0.29243700632871866
-0.72	0.5626197351736184	0.2925934834942939
-0.715	0.5585867450736717	0.29261657686926423
-0.71	0.5544226505854977	0.29250300685868724
-0.705	0.5501268203719157	0.2922498220918216
-0.7	0.545698829828697	0.29185441055533107
-0.695	0.5411384686676847	0.2913145072419333
-0.69	0.5364457479960382	0.2906282003083944
-0.685	0.5316209068456526	0.28979393943765197
-0.68	0.5266644181082747	0.2888105366329836
-0.675	0.5215769938336053	0.28767717298451545
-0.67	0.5163595898497517	0.2863933984148884
-0.665	0.5110134096677899	0.284959132743172
-0.66	0.5055399076348679	0.2833746658519335
-0.655	0.49994079130324687	0.28164065444542247
-0.65	0.4942180229859201	0.279758120311404
-0.645	0.4883738204729344	0.2777284449365243
-0.64	0.482410656886278	0.2755533638699038
-0.635	0.47633125965514517	0.273234960806662
-0.63	0.470138608597535	0.2707756573132684
-0.625	0.4638359330984607	0.2681782059688661
-0.62	0.4574267083795097	0.26544567873585234
-0.615	0.45091465085907234	0.26258145585299636
-0.61	0.4443037126072331	0.25958921345111874
-0.605	0.4375980749040397	0.25647291259623367
-0.6	0.4308021409146235	0.25323677540865824
-0.595	0.42392052749939013	0.24988528491261658
-0.59	0.41695805618221177	0.24642315893227532
-0.585	0.4099197433041862	0.24285533709123616
-0.58	0.40281078939506865	0.2391869625371542
-0.575	0.3956365677988708	0.2354233652610054
-0.57	0.38840261259436054	0.23157004390243077
-0.565	0.38111460585521734	0.22763264741398853
-0.56	0.37377836429840255	0.2236169569895851
-0.555	0.3663998253728499	0.21952886504131847
-0.55	0.35898503284383787	0.21537435964285126
-0.545	0.351540121931362	0.2111595032733845
-0.54	0.3440713040634447	0.20689041417734588
-0.535	0.33658485130759436	0.20257324828589043
-0.53	0.32908708054553254	0.19821418077293945
-0.525	0.32158433745782755	0.19381938618498543
-0.52	0.31408298038620625	0.1893950209502173
-0.515	0.3065893641420439	0.18494720726088493
-0.51	0.2991098238298496	0.1804820145958292
-0.505	0.29165065875447804	0.1760054435027964
-0.5	0.2842181164803001	0.1715234096273575
-0.495	0.2768183771096551	0.1670417283922474
-0.49	0.26945753784661025	0.16256610037688304
-0.485	0.26214159791035724	0.15810209744237647
-0.48	0.2548764438605085	0.15365514964275323
-0.475	0.24766783539412957	0.1492305329583641
-0.47	0.24052139167157116	0.14483335805916403
-0.465	0.23344257822507836	0.14046855904457173
-0.46	0.2264366945007616	0.13614088493385804
-0.455	0.21950886208086035	0.13185489017871876
-0.45	0.21266401362931753	0.12761492679058592
-0.445	0.20590688259956927	0.1234251386255163
-0.44	0.19924199373914192	0.11928945379376717
-0.435	0.1926736544211885	0.11521158077697757
-0.43	0.18620594682851233	0.11119500411063922
-0.425	0.17984272101094884	0.10724298128093551
-0.42	0.17358758883224815	0.10335854045616065
-0.415	0.16744391881784082	0.09954447921760845
-0.41	0.16141483191012324	0.09580336384671992
-0.405	0.15550319813319047	0.09213753001169091
-0.4	0.14971163416430697	0.08854908363977863
-0.395	0.14404250180486997	0.08503990306907175
-0.39	0.1384979073392126	0.08161164150063074
-0.385	0.1330797017653468	0.07826573021568663
-0.38	0.12778948187767628	0.07500338331223216
-0.375	0.12262859217784955	0.07182560134855683
-0.37	0.11759812758628821	0.06873317725520657
-0.365	0.11269893692353694	0.06572670177225885
-0.36	0.10793162712745627	0.06280656978482112
-0.355	0.1032965681694315	0.059972986908759206
-0.35	0.09879389863021196	0.05722597665420708
-0.345	0.09442353189373581	0.054565387721605386
-0.34	0.0901851629153406	0.05199090168385584
-0.335	0.0860782755191162	0.049502041106699694
-0.33	0.08210215017782616	0.047098177605819413
-0.325	0.07825587222780042	0.044778540223966976
-0.32	0.0745383404704941	0.04254222385404035
-0.315	0.07094827611199682	0.040388197998918116
-0.31	0.06748423199166655	0.03831531511163661
-0.305	0.06414460205123756	0.03632231920749493
-0.3	0.06092763099620381	0.03440785454293345
-0.295	0.05783142410199327	0.03257047458514836
-0.29	0.054853957118413746	0.0308086494445209
-0.285	0.051993086227046875	0.0291207748663812
-0.28	0.04924655800740282	0.02750518017833727
-0.275	0.04661201937147355	0.025960136325563363
-0.27	0.044087027420368546	0.02448386323409113
-0.265	0.04166905919415536	0.023074537955628093
-0.26	0.03935552126875992	0.021730301246444258
-0.255	0.03714375917148035	0.02044926510642405
-0.25	0.03503106658123616	0.01922951916255244
-0.245	0.03301469428427937	0.018069137132815202
-0.24	0.031091858858269844	0.01696618313527456
-0.235	0.029259751060110698	0.015918717113332342
-0.23	0.02751554389545513	0.014924800564682974
-0.225	0.025856400350316243	0.013982501609091095
-0.22	0.0242794807677178	0.013089899795697415
-0.215	0.02278194985480127	0.012245090572962303
-0.21	0.021360983308236867	0.011446189455026332
-0.205	0.020013774048159755	0.010691335800616365
-0.2	0.018737538053153452	0.009978696324957376
-0.195	0.01752951979101988	0.009306468402298726
-0.19	0.016386997242198227	0.008672882324707335
-0.185	0.015307286514712857	0.0080762047596638
-0.18	0.014287746051437955	0.007514740356821544
-0.175	0.013325780432254452	0.006986833860117626
-0.17	0.01241884377533892	0.006490871773122485
-0.165	0.011564442743360461	0.006025283752293246
-0.16	0.010760139161766664	0.005588543739036123
-0.155	0.010003552257612234	0.005179170817398261
-0.15	0.009292360528523464	0.004795729958175531
-0.145	0.008624303252398668	0.004436832284354903
-0.14	0.007997181649320739	0.0041011353791601205
-0.135	0.007408859707906168	0.003787343262306864
-0.13	0.006857264688938016	0.003494206203559427
-0.125	0.006340387319633494	0.0032205203593991
-0.12	0.005856281692284717	0.0029651272449923646
-0.115	0.005403064881289856	0.002726913053476447
-0.11	0.004978916292767543	0.0025048078343550017
-0.105	0.004582076761027171	0.0022977845425237774
-0.1	0.004210847406158603	0.002104857969131124
-0.095	0.0038635882669149557	0.0019250835651270072
-0.09	0.003538716722899053	0.0017575561679727847
-0.085	0.0032347057198362484	0.0016014086415777973
-0.08	0.0029500818114318998	0.0014558104391036606
-0.075	0.002683423030979052	0.0013199660978380438
-0.07	0.002433356605509065	0.0011931136748918225
-0.065	0.0021985565248736363	0.0010745231315138248
-0.06	0.0019777409777184903	0.0009634946769477687
-0.055	0.0017696696658651171	0.0008593570714860555
-0.05	0.0015731410081650128	0.0007614659061045818
-0.045	0.001386989244437934	0.0006692018573427217
-0.04	0.0012100814496590934	0.0005819689267342373
-0.035	0.0010413144681262348	0.0004991926699942955
-0.03	0.0008796117769225356	0.0004203184213301892
-0.025	0.0007239202876009145	0.0003448095178956874
-0.02	0.0005732070946547297	0.00027214552911542016
-0.015	0.00042645617901387216	0.00020182049510712364
-0.01	0.00028266507451793575	0.0001333411787584619
-0.005	0.00014084150507314002	6.6225334808203e-5
0.0	0.0	0.0
0.005	0.00014084150507313458	6.580019233147091e-5
0.01	0.00028266507451793076	0.0001316346698703069
0.015	0.00042645617901386685	0.00019795854849677803
0.02	0.0005732070946547247	0.0002652242225401837
0.025	0.0007239202876009094	0.0003338829227931451
0.03	0.0008796117769225311	0.00040438622990817525
0.035	0.0010413144681262307	0.00047718754627526044
0.04	0.0012100814496590893	0.0005527435214562375
0.045	0.00138698924443793	0.0006315154280541138
0.05	0.0015731410081650094	0.0007139704986216488
0.055	0.0017696696658651145	0.0008005831435775824
0.06	0.001977740977718074	0.0008918362337317075
0.065	0.002198556524873173	0.0009882221999184253
0.07	0.0024333566055085507	0.0010902441264604792
0.075	0.002683423030978485	0.0011984167640140615
0.08	0.0029500818114312757	0.0013132674698519775
0.085	0.0032347057198362475	0.0014353370718927692
0.09	0.003538716722899054	0.0015651806526916434
0.095	0.003863588266914957	0.001703368249525438
0.1	0.0042108474061586035	0.0018504854666322513
0.105	0.004582076761027173	0.0020071339956100856
0.11	0.004978916292767546	0.0021739320399413228
0.115	0.005403064881289858	0.0023515146395944
0.12	0.005856281692284722	0.0025405338916639686
0.125	0.0063403873196335	0.0027416590677264755
0.13	0.006857264688938022	0.0029555765963928888
0.135	0.007408859707906174	0.003182989975061682
0.14	0.007997181649320746	0.003424619518208706
0.145	0.008624303252398675	0.0036812020043895774
0.15	0.009292360528523474	0.003953490188091314
0.155	0.01000355225761224	0.004242252203093558
0.16	0.010760139161766675	0.0045482707128809245
0.165	0.011564442743360473	0.004872342378085294
0.17	0.01241884377533893	0.005215276334899543
0.175	0.013325780432254457	0.005577893391291643
0.18	0.014287746051437962	0.005961024634227437
0.185	0.01530728651471287	0.006365510008664484
0.19	0.016386997242198238	0.006792196736118076
0.195	0.01752951979101989	0.007241937624036361
0.2	0.01873753805315346	0.007715589210244359
0.205	0.02001377404815977	0.00821400978650348
0.21	0.02136098330823688	0.008738057287774261
0.215	0.02278194985480128	0.009288587053579715
0.22	0.024279480767717822	0.009866449478760841
0.225	0.02585640035031626	0.010472487484833311
0.23	0.027515543895455144	0.011107533959464894
0.235	0.029259751060110716	0.011772409187591575
0.24	0.031091858858269865	0.012467917773593953
0.245	0.03301469428427939	0.013194846008513738
0.25	0.03503106658123618	0.013953958813845008
0.255	0.03714375917148036	0.014745996731928912
0.26	0.039355521268759935	0.01557167284643769
0.265	0.041669059194155374	0.016431669660156304
0.27	0.04408702742036856	0.01732663594336799
0.275	0.046612019371473565	0.018257183566930995
0.28	0.049246558007679395	0.019223884334867967
0.285	0.051993086227046896	0.02022726683196946
0.29	0.05485395711841376	0.021267813014731882
0.295	0.05783142410199327	0.022345956255255563
0.3	0.060927630996203824	0.023462076703761943
0.305	0.06414460205123759	0.02461649941916698
0.31	0.06748423199166655	0.025809491283525793
0.315	0.07094827611199683	0.027041258304138453
0.32	0.07453834047049412	0.028311943028214052
0.325	0.07825587222780042	0.029621622238447415
0.33	0.08210215017782618	0.030970304467956414
0.335	0.08607827551911622	0.032357927739147085
0.34	0.09018516291534062	0.03378435891480711
0.345	0.09442353189373584	0.035249390562629754
0.35	0.09879389863021198	0.036752740428199746
0.355	0.1032965681694315	0.03829405008655968
0.36	0.1079316271274563	0.039872884121837184
0.365	0.11269893692353694	0.041488729548132236
0.37	0.11759812758628824	0.0431409955365109
0.375	0.12262859217784955	0.044829013446233815
0.38	0.1277894818776763	0.04655203718177879
0.385	0.1330797017653468	0.0483092438690073
0.39	0.13849790733921258	0.05009973467909396
0.395	0.14404250180486994	0.05192253692486057
0.4	0.14971163416430694	0.05377660465727665
0.405	0.15550319813319047	0.055660821423584604
0.41	0.16141483191012318	0.057574002473254116
0.415	0.16744391881784085	0.05951489751159953
0.42	0.17358758883224815	0.06148219365418256
0.425	0.17984272101094878	0.06347451898074515
0.43	0.18620594682851227	0.06549044615417471
0.435	0.1926736544211885	0.0675284964385525
0.44	0.1992419937391418	0.06958714419717177
0.445	0.20590688259956919	0.07166482128755373
0.45	0.21266401362931742	0.0737599221097194
0.455	0.2195088620808602	0.07587080872462006
0.46	0.22643669450076148	0.07799581625406672
0.465	0.23344257822507816	0.08013325844619938
0.47	0.24052139167157094	0.08228143352722081
0.475	0.2476678353941293	0.08443863012708397
0.48	0.2548764438605082	0.08660313339137639
0.485	0.2621415979103568	0.08877323105385829
0.49	0.26945753784660975	0.0909472203034766
0.495	0.2768183771096545	0.09312341274606213
0.5	0.2842181164802993	0.09530014359607224
0.505	0.29165065875447704	0.09747577451653584
0.51	0.2991098238298483	0.09964870214985695
0.515	0.3065893641420425	0.10181736417148037
0.52	0.3140829803862045	0.10398024493171394
0.525	0.3215843374578254	0.10613588185612106
0.53	0.32908708054553	0.1082828712330836
0.535	0.33658485130759125	0.11041987389766339
0.54	0.34407130406344094	0.11254562069050424
0.545	0.35154012193135753	0.11465891766208432
0.55	0.3589850328438323	0.11675865099360778
0.555	0.3663998253728432	0.11884379160698291
0.56	0.3737783642983947	0.12091339839652035
0.565	0.38111460585520796	0.12296662615528446
0.57	0.3884026125943493	0.12500272328148354
0.575	0.39563656779885725	0.12702103865293823
0.58	0.40281078939505244	0.12902102341103738
0.585	0.4099197432713295	0.13100223330175753
0.59	0.41695805618218873	0.13296433004333447
0.595	0.4239205274993627	0.13490708353162983
0.6	0.43080214091459074	0.13683037153373914
0.605	0.43759807490400077	0.13873418112150923
0.61	0.4443037126071868	0.14061860776345728
0.615	0.4509146508590175	0.14248385502535504
0.62	0.45742670837944466	0.14433023328885405
0.625	0.4638359330983837	0.14615815808815297
0.63	0.47013860859744383	0.14796814836617694
0.635	0.4763312596550375	0.14976082316344744
0.64	0.48241065688615076	0.1515368987018148
0.645	0.48837382047278427	0.1532971856741802
0.65	0.4942180229857431	0.1550428461638338
0.655	0.49994079130303837	0.15677407842766347
0.66	0.5055399076346226	0.15849273449084195
0.665	0.5110134096675015	0.16019969271468906
0.67	0.5163595898494131	0.1618961628766217
0.675	0.521576993833208	0.1635834181436975
0.68	0.5266644181078086	0.16526278824078097
0.685	0.5316209068451064	0.166935653420828
0.69	0.5364457479953988	0.1686034370523757
0.695	0.5411384686669367	0.17026759858894597
0.7	0.5456988298278226	0.171929625984506
0.705	0.5501268203708942	0.17359102827433676
0.71	0.5544226505843047	0.17525332773726046
0.715	0.5585867450722798	0.17691805147849696
0.72	0.5626197351719954	0.1785867243783871
0.725	0.5665224509136638	0.18026086446685918
0.73	0.5702959125717505	0.18194195903139324
0.735	0.5739413218557738	0.18363147998918536
0.74	0.577460052789363	0.18533086056036133
0.745	0.5808536423261903	0.1870414912083837
0.75	0.5841237807510419	0.1887647112154873
0.755	0.5872723019136697	0.19050180180948262
0.76	0.5903011733422048	0.19225397808693537
0.765	0.593212486282088	0.1940223817744901
0.77	0.5960084457029842	0.19580807444743306
0.775	0.5986913603211257	0.19761202970629485
0.78	0.6012636326718062	0.19943512790801732
0.785	0.603727749275698	0.20127814926910648
0.79	0.6060862709355129	0.20314176756100552
0.795	0.6083418231946748	0.2050265454378141
0.8	0.6104970869953363	0.2069329286049756
0.805	0.6125547895623001	0.2088612413731355
0.81	0.6145176955420264	0.21081168220420693
0.815	0.6163885984216757	0.21278432012665674
0.82	0.6181703122508473	0.2147790901692494
0.825	0.6198656636861022	0.21679579212096892
0.83	0.6214774843758137	0.21883408689100942
0.835	0.6230086037003323	0.22089349460467184
0.84	0.6244618418799964	0.22297339429970334
0.845	0.6258400034610048	0.22507302050467545
0.85	0.6271458711868423	0.22719146538592733
0.855	0.6283822002606197	0.22932767748429297
0.86	0.6295517130014624	0.23148046171482067
0.865	0.6306570938959822	0.2336484842194224
0.87	0.6317009850438404	0.23583026808058105
0.875	0.6326859819945195	0.23802420013991918
0.88	0.6336146299706471	0.2402285318521448
0.885	0.6344894204715577	0.24244138306751775
0.89	0.6353127882492683	0.24466074577135252
0.895	0.6360871086476538	0.2468844874315862
0.9	0.6368146952943465	0.24911035734657258
0.905	0.6374977981337825	0.251335990051908
0.91	0.638138601788816	0.25355891247794204
0.915	0.638739224237481	0.2557765491951136
0.92	0.6393017157907509	0.25798622915506214
0.925	0.6398280583565557	0.2601851926240989
0.93	0.6403201657722822	0.2623705985050221
0.935	0.640779880526179	0.26453953202584063
0.94	0.6412089782266845	0.2666890127726357
0.945	0.6416091649974308	0.2688160030425198
0.95	0.6419820786303071	0.27091741569646083
0.955	0.6423292892387807	0.27299012621090074
0.96	0.6426523000820853	0.27503097727760206
0.965	0.6429525485748628	0.27703679087578686
0.97	0.6432314073927676	0.27900437762110597
0.975	0.6434901857566128	0.2809305460908384
0.98	0.6437301308064192	0.28281211245283644
0.985	0.6439524290947666	0.28464591162607666
0.99	0.6441582081362656	0.28642880518387454
0.995	0.6443485380752912	0.2881576931666907
1.0	0.6445244333846178	0.28982952303824555
1.005	0.6446868546282586	0.29144130009199937
1.01	0.6448367102624533	0.2929900972061287
1.015	0.6449748584665254	0.2944730646065835
1.02	0.6451021089938421	0.2958874401966947
1.025	0.6452192250338632	0.2972305562566048
1.03	0.6453269250767305	0.2984998526678561
1.035	0.645425884772765	0.29969288372795744
1.04	0.645516738779685	0.30080732585243714
1.045	0.6456000825911007	0.3018409884831221
1.05	0.645676474340419	0.3027918206916192
1.055	0.6457464365749427	0.30365791880456455
1.06	0.6458104579954662	0.3044375341890391
1.065	0.6458689951572952	0.30512908005285444
1.07	0.645922474129114	0.30573113778159616
1.075	0.6459712921066495	0.306242467750283
1.08	0.6460158189785644	0.3066619956082615
1.085	0.6460563988424649	0.30698884664218457
1.09	0.6460933514693346	0.30722233021524736
1.095	0.6461269737151143	0.3073619490777921
1.1	0.6461575408785071	0.30740740189128546
1.105	0.6461853080044369	0.30735858643948455
1.11	0.646210511132904	0.3072156020348983
1.115	0.6462333684932648	0.30697875216324627
1.12	0.6462540816442232	0.306648543238833
1.125	0.6462728365600602	0.3062256853952431
1.13	0.6462898046638302	0.3057110935748445
1.135	0.6463051438083539	0.30510588613902695
1.14	0.6463189992067363	0.30441138288359176
1.145	0.6463315043116744	0.3036291038878711
1.15	0.6463427816481626	0.30276076587392714
1.155	0.6463529435977707	0.3018082796193771
1.16	0.6463620931379797	0.30077374667260043
1.165	0.6463703245375149	0.29965945302046676
1.17	0.6463777240094102	0.2984678654659534
1.175	0.6463843703234858	0.29720162762126484
1.18	0.6463903353799321	0.29586355170594925
1.185	0.6463956847457264	0.2944566161924344
1.19	0.6464004781555835	0.2929839473303198
1.195	0.6464047699791515	0.29144882862678534
1.2	0.6464086096561392	0.28985468198378844
1.205	0.6464120421010353	0.2882050624230224
1.21	0.6464151080790516	0.28650364963955754
1.215	0.646417844554883	0.28475423923285154
1.22	0.6464202850158327	0.2829607334278654
1.225	0.6464224597708109	0.28112713260124234
1.23	0.6464243962266585	0.279257524493582
1.235	0.6464261191431999	0.2773560752673587
1.24	0.6464276508683756	0.27542701940137276
1.245	0.6464290115547413	0.27347464984174424
1.25	0.6464302193565514	0.27150330712385995
1.255	0.6464312906210149	0.26951737057500447
1.26	0.6464322400431302	0.26752124609065625
1.265	0.6464330808284113	0.2655193579758675
1.27	0.6464338248313213	0.263516136956462
1.275	0.6464344826839663	0.2615160127185896
1.28	0.6464350639136239	0.2595233993320402
1.285	0.6464355770499548	0.25754258735183455
1.29	0.646436029722693	0.25557824472560103
1.295	0.6464364287505627	0.25363438090979834
1.3	0.6464367802221169	0.25171536432155833
1.305	0.646437089569155	0.24982540012178775
1.31	0.6464373616333251	0.2479686235313889
1.315	0.6464376007264806	0.2461490914030445
1.32	0.6464378106853158	0.2443707730797126
1.325	0.6464379949207669	0.24263754380040856
1.33	0.6464381564626522	0.24095317552575055
1.335	0.6464382979999301	0.23932115229248338
1.34	0.6464384219170072	0.23774537896067827
1.345	0.646438530326424	0.23622909392771443
1.35	0.6464386250982604	0.23477558748499847
1.355	0.6464387078865594	0.2333880150317274
1.36	0.6464387801530469	0.23206938655754175
1.365	0.6464388431788268	0.23082271960937106
1.37	0.6464388981227066	0.22965042105860647
1.375	0.6464389459778577	0.2285552037563424
1.38	0.6464389876283725	0.22753946506469158
1.385	0.6464390238522904	0.2266054382507427
1.39	0.6464390548754377	0.22575518999447194
1.395	0.6464390822805488	0.22499061713553864
1.4	0.6464391060631246	0.22431344452592364
1.405	0.6464391266871526	0.22372522300890477
1.41	0.6464391445592916	0.22322732768874912
1.415	0.6464391600356659	0.2228209569058688
1.42	0.646439173427892	0.22250713123802446
1.425	0.6464391850084219	0.22228669307992427
1.43	0.6464391950152731	0.22216030634706366
1.435	0.6464392036562163	0.22212845699642492
1.44	0.6464392111124725	0.22219145321449899
1.445	0.6464392175419821	0.2223494262282594
1.45	0.6464392230822854	0.22260233244935368
1.455	0.6464392278530652	0.22294995339843318
1.46	0.6464392319583823	0.2233918995774146
1.465	0.6464392354886452	0.2239276082385965
1.47	0.64643923852234	0.22455635160283097
1.475	0.6464392411275496	0.22527723548970982
1.48	0.646439243363288	0.22608920312050942
1.485	0.6464392452806689	0.2269910381573886
1.49	0.6464392469239297	0.22798136780217554
1.495	0.6464392483313282	0.22905866691805957
1.5	0.6464392495359241	0.23022126006732035
1.505	0.6464392505662667	0.2314673285053165
1.51	0.6464392514469895	0.2327949111177651
1.515	0.6464392521993326	0.23420190785876183
1.52	0.6464392528415969	0.23568608837236485
1.525	0.6464392533895386	0.23724509275267583
1.53	0.6464392538567135	0.2388764377823738
1.535	0.646439254254776	0.2405775210588588
1.54	0.6464392545937386	0.24234562597000772
1.545	0.6464392548821964	0.24417792631311266
1.55	0.6464392551275236	0.2460714925252981
1.555	0.6464392553360415	0.24802329501013415
1.56	0.6464392555131656	0.2500302107908355
1.565	0.6464392556635317	0.2520890272631624
1.57	0.6464392557911064	0.2541964492763786
1.575	0.6464392558992799	0.2563491034187779
1.58	0.6464392559909489	0.25854354372318505
1.585	0.6464392560685865	0.26077625637355917
1.59	0.6464392561343024	0.2630436660999244
1.595	0.6464392561898957	0.2653421427507285
1.6	0.6464392562368989	0.2676679909084969
1.605	0.6464392562766171	0.270017510959468
1.61	0.6464392563101607	0.2723869226625074
1.615	0.6464392563384744	0.27477242527304324
1.62	0.6464392563623603	0.2771701906236438
1.625	0.6464392563825002	0.27957636760434185
1.63	0.6464392563994725	0.2819870880753225
1.635	0.6464392564137678	0.2843984722247567
1.64	0.6464392564258021	0.28680663518444316
1.645	0.646439256435928	0.28920769119823714
1.65	0.6464392564444438	0.29159776007476174
1.655	0.6464392564516018	0.2939729725677625
1.66	0.6464392564576156	0.2963294767226419
1.665	0.6464392564626655	0.298663441869794
1.67	0.6464392564669041	0.3009710653898989
1.675	0.64643925647046	0.303248577918568
1.68	0.6464392564734419	0.3054922488622704
1.685	0.6464392564759411	0.3076983917792873
1.69	0.646439256478035	0.3098633703129216
1.695	0.6464392564797884	0.311983602915344
1.7	0.646439256481256	0.3140555687264402
1.705	0.6464392564824839	0.3160758129325945
1.71	0.6464392564835111	0.3180409526968504
1.715	0.6464392564843694	0.3199476801567095
1.72	0.6464392564850869	0.3217927690673465
1.725	0.6464392564856859	0.32357308409787805
1.73	0.6464392564861863	0.3252855773157544
1.735	0.6464392564866039	0.3269273009068023
1.74	0.6464392564869523	0.3284954091359381
1.745	0.646439256487243	0.3299871622811073
1.75	0.6464392564874852	0.3313999337278539
1.755	0.6464392564876872	0.33273121376160625
1.76	0.6464392564878553	0.33397861408706037
1.765	0.6464392564879953	0.3351398738383193
1.77	0.646439256488112	0.33621285864893086
1.775	0.646439256488209	0.33719558312354536
1.78	0.6464392564882897	0.33808617243824446
1.785	0.6464392564883569	0.33888291980618473
1.79	0.6464392564884124	0.3395842596317377
1.795	0.6464392564884591	0.3401887725223011
1.8	0.6464392564884978	0.3406951962652208
1.805	0.6464392564885298	0.34110242843236066
1.81	0.6464392564885564	0.341409523497717
1.815	0.6464392564885785	0.34161570036538247
1.82	0.6464392564885968	0.34172034507413734
1.825	0.646439256488612	0.3417230110215478
1.83	0.6464392564886247	0.34162342239537097
1.835	0.6464392564886352	0.341421476031907
1.84	0.6464392564886439	0.3411172428852679
1.845	0.6464392564886511	0.340710965678303
1.85	0.646439256488657	0.34020306947227297
1.855	0.6464392564886621	0.33959415096709555
1.86	0.6464392564886661	0.3388849832566755
1.865	0.6464392564886695	0.33807651816532686
1.87	0.6464392564886724	0.3371698820331209
1.875	0.6464392564886746	0.33616637582328535
1.88	0.6464392564886765	0.3350674758120788
1.885	0.6464392564886781	0.33387482837205135
1.89	0.6464392564886795	0.33259025036912016
1.895	0.6464392564886806	0.3312157250842818
1.9	0.6464392564886812	0.3297534016671033
1.905	0.6464392564886822	0.32820558883347595
1.91	0.646439256488683	0.3265747530758673
1.915	0.6464392564886833	0.32486351346336423
1.92	0.6464392564886838	0.3230746379403669
1.925	0.6464392564886843	0.3212110378145997
1.93	0.6464392564886844	0.31927576352556986
1.935	0.6464392564886847	0.31727199484964874
1.94	0.6464392564886848	0.31520304021204676
1.945	0.6464392564886849	0.3130723299318176
1.95	0.6464392564886852	0.310883403654544
1.955	0.6464392564886852	0.30863990651927736
1.96	0.6464392564886854	0.3063455860105141
1.965	0.6464392564886854	0.304004277462822
1.97	0.6464392564886854	0.3016198995103181
1.975	0.6464392564886856	0.29919644518146293
1.98	0.6464392564886856	0.2967379734053661
1.985	0.6464392564886857	0.29424860040334355
1.99	0.6464392564886856	0.2917324904741086
1.995	0.6464392564886858	0.2891938474760142
2.0	0.6464392564886856	0.2866369055441308
2.005	0.6464392564886856	0.28406592860529434
2.01	0.6464392564886856	0.2814851648094057
2.015	0.6464392564886857	0.2788988915345343
2.02	0.6464392564886858	0.27631137220838226
2.025	0.6464392564886858	0.2737268510066416
2.03	0.6464392564886857	0.27114954759117593
2.035	0.6464392564886857	0.2685836476059135
2.04	0.6464392564886856	0.26603328993295405
2.045	0.6464392564886858	0.26350256392895527
2.05	0.6464392564886857	0.26099549560190854
2.055	0.6464392564886857	0.2585160401949228
2.06	0.6464392564886858	0.2560680766452689
2.065	0.6464392564886857	0.25365539475603804
2.07	0.6464392564886858	0.2512816904810764
2.075	0.6464392564886857	0.2489505575503833
2.08	0.6464392564886857	0.2466654801971062
2.085	0.6464392564886858	0.24442982659826026
2.09	0.6464392564886858	0.2422468550484173
2.095	0.6464392564886858	0.24011965110369649
2.1	0.6464392564886858	0.23805121120382094
2.105	0.6464392564886858	0.23604437493377395
2.11	0.6464392564886858	0.23410183655372588
2.115	0.6464392564886857	0.23222613926831348
2.12	0.6464392564886857	0.23041967214301337
2.125	0.6464392564886857	0.228684665640686
2.13	0.6464392564886856	0.22702318803314087
2.135	0.6464392564886856	0.22543714366904738
2.14	0.6464392564886856	0.22392826847988365
2.145	0.6464392564886854	0.22249812917848238
2.15	0.6464392564886855	0.2211481212121767
2.155	0.6464392564886855	0.2198794674782728
2.16	0.6464392564886854	0.21869321465424915
2.165	0.6464392564886852	0.21759024661230514
2.17	0.6464392564886852	0.21657125686064496
2.175	0.6464392564886852	0.2156367761575931
2.18	0.6464392564886849	0.21478715970150605
2.185	0.6464392564886848	0.21402259091331757
2.19	0.6464392564886848	0.21334308289746587
2.195	0.6464392564886847	0.21274848015374823
2.2	0.6464392564886844	0.21223846112848008
2.205	0.6464392564886845	0.2118125394884706
2.21	0.6464392564886843	0.21147006967493878
2.215	0.6464392564886842	0.21121024649209286
2.22	0.6464392564886839	0.21103211064419983
2.225	0.6464392564886837	0.21093455191904953
2.23	0.6464392564886837	0.21091631302875302
2.235	0.6464392564886836	0.2109759940067482
2.24	0.6464392564886835	0.2111120563048514
2.245	0.6464392564886834	0.2113228276099166
2.25	0.6464392564886835	0.21160650664027889
2.255	0.6464392564886833	0.21196116818228306
2.26	0.6464392564886834	0.21238476789640146
2.265	0.6464392564886837	0.2128751494161408
2.27	0.6464392564886857	0.2134300478105776
2.275	0.6464392564886857	0.21404709429431754
2.28	0.6464392564886857	0.21472382756003594
2.285	0.6464392564886858	0.21545769339288026
2.29	0.6464392564886857	0.21624605429059915
2.295	0.6464392564886857	0.2170861944476604
2.3	0.6464392564886857	0.21797532681433004
2.305	0.6464392564886856	0.21891059894847098
2.31	0.6464392564886857	0.2198890995700746
2.315	0.6464392564886857	0.22090786510967336
2.32	0.6464392564886857	0.22196388671281764
2.325	0.6464392564886857	0.2230541159053396
2.33	0.6464392564886857	0.22417547233377544
2.335	0.6464392564886857	0.22532484969480263
2.34	0.6464392564886858	0.2264986516904928
2.345	0.6464392564886857	0.22769467028745946
2.35	0.6464392564886857	0.2289098016602129
2.355	0.6464392564886857	0.2301399227191355
2.36	0.6464392564886858	0.23138238423956622
2.365	0.6464392564886858	0.23263406705738107
2.37	0.646439256488687	0.2338918732468282
2.375	0.6464392564886856	0.23515273246262253
2.38	0.6464392564886858	0.2364136087517887
2.385	0.6464392564886857	0.2376715068181842
2.39	0.6464392564886857	0.23892347777053144
2.395	0.6464392564886857	0.24016662623887466
2.4	0.6464392564886857	0.24139811564332372
2.405	0.6464392564886855	0.24261517533974117
2.41	0.6464392564886854	0.24381510342213394
2.415	0.6464392564886857	0.24499527618114936
2.42	0.6464392564886857	0.24615315165218224
2.425	0.6464392564884459	0.24728627323057667
2.43	0.6464392564884833	0.24839227810458597
2.435	0.6464392564886857	0.24946889935630107
2.44	0.6464392564886857	0.25051397181825796
2.445	0.6464392564886857	0.2515254359177665
2.45	0.6464392564886858	0.252501341608864
2.455	0.6464392564886858	0.25343985250705503
2.46	0.6464392564886858	0.2543392491224366
2.465	0.6464392564886858	0.25519793218732323
2.47	0.6464392564886858	0.2560144251598166
2.475	0.6464392564886858	0.2567873772457277
2.48	0.6464392564886857	0.25751556615497845
2.485	0.6464392564886859	0.25819789739243165
2.49	0.6464392564886856	0.25883340924627374
2.495	0.6464392564886857	0.2594212712687705
2.5	0.6464392564884605	0.2599607881509159
2.505	0.6464392564886856	0.260451396247479
2.51	0.6464392564886857	0.2608926666449038
2.515	0.6464392564886858	0.2612843030813768
2.52	0.6464392564886854	0.26162614305136267
2.525	0.6464392564886857	0.2619181556296314
2.53	0.6464392564886857	0.26216044042165043
2.535	0.6464392564886858	0.262353225818183
2.54	0.6464392564886857	0.26249686705303943
2.545	0.6464392564886858	0.26259184362665294
2.55	0.6464392564886858	0.26263875652729596
2.555	0.6464392564886869	0.26263832563754236
2.56	0.6464392564886857	0.2625913855920936
2.565	0.6464392564886857	0.2624988823924728
2.57	0.6464392564886857	0.26236186997645766
2.575	0.6464392564886857	0.26218150488746594
2.58	0.6464392564886857	0.26195904246940765
2.585	0.6464392564886857	0.26169583192851015
2.59	0.6464392564886856	0.26139331099922225
2.595	0.6464392564886858	0.2610530010999011
2.6	0.6464392564886855	0.26067650258537395
2.605	0.6464392564886856	0.26026548617163664
2.61	0.6464392564886857	0.25982169097349306
2.615	0.6464392564886856	0.25934691723095604
2.62	0.6464392564886857	0.2588430189456727
2.625	0.6464392564886857	0.25831189932054394
2.63	0.6464392564886858	0.2577555039880742
2.635	0.6464392564886856	0.25717581483313007
2.64	0.6464392564886856	0.2565748438219863
2.645	0.6464392564886858	0.2559546263103005
2.65	0.6464392564886857	0.25531721613918257
2.655	0.6464392564886857	0.25466467733738785
2.66	0.6464392564886856	0.25399907940200844
2.665	0.6464392564886834	0.2533224908169902
2.67	0.6464392564886833	0.2526369730264449
2.675	0.6464392564886833	0.25194457463064124
2.68	0.6464392564886835	0.2512473255083303
2.685	0.6464392564886834	0.25054723071973745
2.69	0.6464392564886835	0.24984626731991005
2.695	0.6464392564886837	0.24914637564084122
2.7	0.6464392564886826	0.24844945658380885
2.705	0.6464392564886839	0.24775736606022308
2.71	0.6464392564886839	0.24707191029095243
2.715	0.6464392564886842	0.24639484263707145
2.72	0.6464392564886843	0.2457278568652735
2.725	0.6464392564886843	0.24507258570043788
2.73	0.6464392564886846	0.24443059591758431
2.735	0.6464392564886846	0.2438033862381949
2.74	0.6464392564886849	0.2431923820251932
2.745	0.6464392564925789	0.24259893486989478
2.75	0.6464392564922107	0.24202431886227047
2.755	0.6464392564918681	0.24146972816242745
2.76	0.6464392556822606	0.2409362769545573
2.765	0.6464392557893611	0.2404249954171546
2.77	0.6464392558832024	0.23993682954829
2.775	0.6464392559652684	0.23947264060270806
2.78	0.6464392560369046	0.23903320283151167
2.785	0.6464392560993224	0.23861920478267146
2.79	0.646439256153613	0.2382312492517235
2.795	0.6464392562007535	0.2378698515106011
2.8	0.6464392562416165	0.23753544124484705
2.805	0.6464392562769798	0.23722836376889503
2.81	0.6464392563075345	0.23694887719519953
2.815	0.6464392563338925	0.23669715942545524
2.82	0.6464392563565949	0.236473306240557
2.825	0.6464392563761191	0.2362773315002865
2.83	0.6464392563928846	0.23610917258622638
2.835	0.6464392564072602	0.2359686900946006
2.84	0.6464392564195682	0.23585567156011347
2.845	0.6464392564300905	0.23576983183303432
2.85	0.6464392564390756	0.23571081782306008
2.855	0.6464392564467352	0.23567820866548272
2.86	0.6464392564532566	0.23567152495614
2.865	0.6464392564588014	0.23569022289694438
2.87	0.6464392564635092	0.235733703178513
2.875	0.6464392564675012	0.23580131283407216
2.88	0.6464392564708821	0.23589234824269997
2.885	0.6464392564737411	0.23600605976601827
2.89	0.6464392564761561	0.23614165332304224
2.895	0.6464392564781932	0.23629829493180768
2.9	0.6464392564799094	0.23647511452713937
2.905	0.6464392564813538	0.23667120846923104
2.91	0.6464392564825673	0.2368856436918077
2.915	0.6464392564835861	0.2371174609844114
2.92	0.64643925648444	0.23736567773786038
2.925	0.6464392564851549	0.23762929503631877
2.93	0.6464392564857527	0.2379072927350311
2.935	0.6464392564862523	0.23819864149046271
2.94	0.6464392564866689	0.2385023017529097
2.945	0.6464392564870161	0.23881722483654835
2.95	0.6464392564873048	0.23914236391026744
2.955	0.6464392564875452	0.2394766660050742
2.96	0.6464392564877447	0.23981908169881583
2.965	0.6464392564879101	0.2401685654585293
2.97	0.6464392564880472	0.24052407884375324
2.975	0.6464392564881606	0.2408845927350399
2.98	0.6464392564882544	0.24124908755138702
2.985	0.6464392564883317	0.24161655852438843
2.99	0.646439256488397	0.24198601481570564
2.995	0.646439256488448	0.2423564822468902
3.0	0.6464392564884914	0.242727004616717
3.005	0.6464392564885268	0.24309664520166022
3.01	0.646439256488556	0.2434644876648099
3.015	0.6464392564885801	0.2438296365008151
3.02	0.6464392564885995	0.24419121965476534
3.025	0.6464392564886152	0.24454838780250054
3.03	0.6464392564886288	0.2449003156713378
3.035	0.6464392564886396	0.2452462013034365
3.04	0.6464392564886484	0.24558526822102522
3.045	0.6464392564886554	0.24591676227739384
3.05	0.6464392564886613	0.2462399610699389
3.055	0.6464392564886657	0.2465541622252079
3.06	0.6464392564886697	0.24685868219456106
3.065	0.6464392564886726	0.24715287509969214
3.07	0.6464392564886752	0.24743611105229746
3.075	0.6464392564886774	0.24770778690411951
3.08	0.646439256488679	0.24796732339122735
3.085	0.6464392564886802	0.2482141651197831
3.09	0.6464392564886813	0.2484477682734974
3.095	0.6464392564886824	0.24866764802451483
3.1	0.6464392564886831	0.24887331872391547
3.105	0.6464392564886837	0.2490642926550024
3.11	0.6464392564886842	0.24924014084769902
3.115	0.6464392564886845	0.24940044529097513
3.12	0.6464392564886849	0.24954480646227023
3.125	0.6464392564886852	0.2496728499987022
3.13	0.6464392564886856	0.24978422197743447
3.135	0.6464392564886854	0.2498785900229086
3.14	0.6464392564886858	0.24995564389600466
3.145	0.6464392564886864	0.2500150946481254
3.15	0.6464392564886868	0.25005667660822345
3.155	0.6464392564886868	0.2500801333881952
3.16	0.6464392564886873	0.2500852669683154
3.165	0.6464392564886876	0.25007186875381154
3.17	0.6464392564886883	0.25003976637975894
3.175	0.6464392564886899	0.24998880976404947
3.18	0.6464392564886894	0.24991887685105454
3.185	0.6464392564886902	0.2498298723439332
3.19	0.646439256488691	0.24972172789200256
3.195	0.646439256488692	0.24959440360905177
3.2	0.6464392564886934	0.24944789015503616
3.205	0.6464392564886947	0.24928221058922218
3.21	0.6464392564886965	0.2490974152937504
3.215	0.6464392564886985	0.2488935953113316
3.22	0.6464392564887012	0.24867087176406172
3.225	0.6464392564887038	0.24842940426694046
3.23	0.646439256488707	0.2481693894171049
3.235	0.6464392564887113	0.24789106334388616
3.24	0.6464392564887158	0.2475947024622054
3.245	0.6464392564887212	0.2472806248243942
3.25	0.6464392564887276	0.24694919177768526
3.255	0.6464392564887349	0.2466008081153572
3.26	0.6464392564887436	0.24623592427550745
3.265	0.6464392564887538	0.2458550365780187
3.27	0.6464392564887652	0.24545868859173586
3.275	0.6464392564887788	0.24504747124830445
3.28	0.6464392564887944	0.2446220226225608
3.285	0.6464392564888125	0.24418303270692568
3.29	0.6464392564888333	0.24373123717028305
3.295	0.6464392564888573	0.24326742154316697
3.3	0.646439256488885	0.24279241994849632
3.305	0.6464392564889166	0.2423071146332878
3.31	0.6464392564889527	0.24181243566923122
3.315	0.6464392564889941	0.24130935962168776
3.32	0.6464392564890413	0.2407989086888118
3.325	0.6464392564890951	0.24028214926820912
3.33	0.646439256489156	0.23976019160686401
3.335	0.6464392564892251	0.23923418247039538
3.34	0.6464392564893031	0.23870531490631067
3.345	0.6464392564893912	0.23817480574478392
3.35	0.6464392564894903	0.2376439160681755
3.355	0.6464392564896014	0.23711393024812016
3.36	0.6464392564897261	0.23658616995073062
3.365	0.6464392564898652	0.23606197309822893
3.37	0.6464392564900201	0.23554269173785297
3.375	0.6464392564901921	0.23502970321252425
3.38	0.6464392564903826	0.23452439357651753
3.385	0.6464392564905926	0.23402815607872768
3.39	0.6464392564908238	0.23354238644061676
3.395	0.6464392564910771	0.23306847827814153
3.4	0.6464392564913539	0.23260781815252152
3.405	0.6464392564916549	0.2321617802990465
3.41	0.6464392564919809	0.23173172143727983
3.415	0.646439256492332	0.23131897548754426
3.42	0.6464392564927088	0.23092484793630993
3.425	0.6464392564886849	0.23055061024856618
3.43	0.6464392564886849	0.23019749492375816
3.435	0.6464392564886847	0.2298666904714819
3.44	0.6464392564886846	0.22955933009103738
3.445	0.6464392564886844	0.22927649620815158
3.45	0.6464392564886842	0.2290192076211239
3.455	0.646439256488684	0.22878841591289445
3.46	0.6464392564886839	0.22858500081041336
3.465	0.6464392564886838	0.22840976420289713
3.47	0.6464392564886838	0.22826342594204826
3.475	0.6464392564886836	0.22814661831228364
3.48	0.6464392564886836	0.22805988216532208
3.485	0.6464392564886836	0.2280036621499622
3.49	0.6464392564886835	0.22797830285063406
3.495	0.6464392564886835	0.22798404490208232
3.5	0.6464392564886836	0.2280210216344323
3.505	0.6464392564886858	0.22808925568438546
3.51	0.6464392564886858	0.2281886572491393
3.515	0.6464392564886857	0.2283190201667352
3.52	0.6464392564886857	0.2284800212418207
3.525	0.6464392564886856	0.228671217590096
3.53	0.6464392564886858	0.22889204597824062
3.535	0.6464392564886857	0.22914182331079358
3.54	0.6464392564886856	0.2294197438099406
3.545	0.6464392564886858	0.22972488209894404
3.55	0.6464392564886857	0.2300561908582071
3.555	0.6464392564886858	0.23041250438795113
3.56	0.6464392564886856	0.23079253913394526
3.565	0.6464392564886857	0.23119489596377663
3.57	0.6464392564886858	0.2316180626700853
3.575	0.6464392564886858	0.23206041725725984
3.58	0.6464392564886856	0.23252023108804243
3.585	0.6464392564886856	0.23299567325985598
3.59	0.6464392564886857	0.23348481435610174
3.595	0.6464392564886857	0.2339856322378439
3.6	0.6464392564886857	0.23449601665710482
3.605	0.6464392564886856	0.2350137755353794
3.61	0.6464392564886857	0.23553664035253255
3.615	0.6464392564886857	0.23606227361894574
3.62	0.6464392564886857	0.2365882748178508
3.625	0.6464392564886856	0.23711218733198874
3.63	0.6464392564886857	0.23763150925776
3.635	0.6464392564886858	0.23814369601712318
3.64	0.6464392564886857	0.23864617134221747
3.645	0.6464392564886854	0.23913633778885032
3.65	0.6464392564886857	0.23961157950725445
3.655	0.6464392564886858	0.24006927624963106
3.66	0.6464392564886856	0.24050680976741107
3.665	0.646439256488473	0.24092157322106186
3.67	0.6464392564886856	0.2413109802062215
3.675	0.6464392564886857	0.24167247381845497
3.68	0.6464392564886857	0.2420035354365498
3.685	0.6464392564886856	0.24230169490363035
3.69	0.6464392564886856	0.24256453814268764
3.695	0.6464392564886856	0.24278971492677592
3.7	0.6464392564886857	0.2429749525382405
3.705	0.6464392564886856	0.24311805827395902
3.71	0.6464392564886857	0.24321693137130643
3.715	0.6464392564886857	0.24326956967322252
3.72	0.6464392564886856	0.2432740782851212
3.725	0.6464392564886856	0.24322867665359799
3.73	0.6464392564886856	0.243131705450082
3.735	0.6464392564884709	0.24298163360462627
3.74	0.6464392564886856	0.2427770646248446
3.745	0.6464392564886856	0.24251674215951838
3.75	0.6464392564886856	0.24219955579586652
3.755	0.6464392564886854	0.24182454610423446
3.76	0.6464392564886856	0.24139090750722014
3.765	0.6464392564886857	0.24089794534494716
3.77	0.6464392564886856	0.24034527793367702
3.775	0.6464392564886856	0.23973253305517617
3.78	0.6464392564886856	0.23905955834996867
3.785	0.6464392564886856	0.238326370784942
3.79	0.6464392564886856	0.23753318746889823
3.795	0.6464392564886857	0.2366802980329153
3.8	0.6464392564886857	0.23576826193365344
3.805	0.6464392564886856	0.23479777214318792
3.81	0.6464392564886856	0.23376968812932855
3.815	0.6464392564886856	0.2326850340468195
3.82	0.6464392564886857	0.23154499573945056
3.825	0.6464392564886856	0.23035091708080704
3.83	0.6464392564886856	0.22910429614043862
3.835	0.6464392564886857	0.22780678057457246
3.84	0.6464392564886856	0.22646016234683053
3.845	0.6464392564886857	0.22506637224071802
3.85	0.6464392564886858	0.2236274735338152
3.855	0.6464392564886856	0.22214565543476686
3.86	0.6464392564886857	0.22062322563279577
3.865	0.6464392564886856	0.21906260326268923
3.87	0.6464392564886856	0.21746631062605795
3.875	0.6464392564886857	0.21583696458447102
3.88	0.6464392564886855	0.21417726919996163
3.885	0.6464392564886858	0.21249000548751903
3.89	0.6464392564886856	0.21077801833339482
3.895	0.6464392564886856	0.2090442248571082
3.9	0.6464392564886835	0.2072915784070059
3.905	0.6464392564886834	0.20552307628572317
3.91	0.6464392564886833	0.20374174658369115
3.915	0.6464392564886834	0.20195063769612048
3.92	0.6464392564886834	0.20015280881982478
3.925	0.6464392564886836	0.19835132033676184
3.93	0.6464392564886836	0.19654922469872613
3.935	0.6464392564886837	0.19474955523799667
3.94	0.6464392564886839	0.19295531952948725
3.945	0.6464392564886839	0.19116948900262465
3.95	0.6464392564886842	0.18939499006828203
3.955	0.6464392564886842	0.18763469605923738
3.96	0.6464392564886845	0.1858914188954424
3.965	0.6464392564886845	0.18416790183267273
3.97	0.6464392564886846	0.18246681309241058
3.975	0.6464392564886848	0.18079073277800847
3.98	0.6464392564886848	0.17914215555506907
3.985	0.6464392564886849	0.1775234799909227
3.99	0.646439256488685	0.1759370021292536
3.995	0.646439256488685	0.1743849121564513
4.0	0.646439256488685	0.17286928960123793
4.005	0.6464392564886853	0.17139209930300173
4.01	0.6464392564886854	0.16995518814505237
4.015	0.6464392564886855	0.16856028224132455
4.02	0.6464392564886855	0.16720898471101242
4.025	0.6464392564886857	0.16590277272968112
4.03	0.6464392564886855	0.164643001394122
4.035	0.6464392564886856	0.1634308960729368
4.04	0.6464392564886857	0.1622675567942208
4.045	0.6464392564886858	0.16115395796284518
4.05	0.6464392564886857	0.16009094970357313
4.055	0.6464392564886858	0.15907925863505534
4.06	0.6464392564886858	0.15811949059012104
4.065	0.6464392564886858	0.15721213300352638
4.07	0.6464392564886857	0.15635755808169677
4.075	0.6464392564886858	0.1555560255499214
4.08	0.6464392564886858	0.15480768748549015
4.085	0.6464392564886857	0.15411259180463194
4.09	0.6464392564886857	0.1534706872606923
4.095	0.6464392564886857	0.15288182702198908
4.1	0.6464392564886858	0.15234577509580693
4.105	0.6464392564886857	0.15186221250191445
4.11	0.6464392564886857	0.15143073991168338
4.115	0.6464392564886857	0.15105088559971502
4.12	0.6464392564886856	0.15072211023218837
4.125	0.6464392564886858	0.15044381347044464
4.13	0.6464392564886857	0.15021533916413227
4.135	0.6464392564886857	0.15003595697724117
4.14	0.6464392564886858	0.14990496638926493
4.145	0.6464392564886857	0.1498215573158166
4.15	0.6464392564886857	0.14978491135918579
4.155	0.6464392564886858	0.1497941840895322
4.16	0.6464392564886856	0.14984851033601632
4.165	0.6464392564886859	0.1499470097989539
4.17	0.6464392564886859	0.1500887922919637
4.175	0.6464392564886856	0.15027296244566937
4.18	0.6464392564886858	0.15049862473250197
4.185	0.6464392564886858	0.15076488690647288
4.19	0.6464392564886858	0.15107086583756557
4.195	0.6464392564886859	0.15141568997913915
4.2	0.6464392564886858	0.15179850306939888
4.205	0.6464392564886858	0.1522184675624221
4.21	0.6464392564886858	0.1526747673870941
4.215	0.6464392564886857	0.1531666100614562
4.22	0.6464392564886858	0.15369322904445065
4.225	0.6464392564886868	0.15425388535411388
4.23	0.6464392564886858	0.15484786889765445
4.235	0.6464392564886857	0.15547449908289146
4.24	0.6464392564886859	0.15613312653527348
4.245	0.6464392564886857	0.1568231323756163
4.25	0.6464392564886858	0.15754392791546745
4.255	0.6464392564886858	0.1582949549092297
4.26	0.6464392564886855	0.15907568453855228
4.265	0.6464392564886854	0.15988561633638615
4.27	0.6464392564886857	0.1607242770629017
4.275	0.6464392564886858	0.16159121874161794
4.28	0.6464392564886857	0.16248601695686293
4.285	0.6464392564886856	0.1634082690686895
4.29	0.6464392564886858	0.1643575913672659
4.295	0.6464392564886857	0.165333616982335
4.3	0.6464392564886857	0.1663359931603794
4.305	0.6464392564886858	0.16736437850892857
4.31	0.6464392564886857	0.16841843571175308
4.315	0.6464392564886858	0.16949784670161272
4.32	0.6464392564886858	0.17060228184838902
4.325	0.6464392564886857	0.171731415981705
4.33	0.6464392564886857	0.17288492045418544
4.335	0.6464392564886856	0.17406246003573586
4.34	0.6464392564886858	0.17526369068667982
4.345	0.6464392564886857	0.17648825533438647
4.35	0.6464392564886859	0.17773578264557804
4.355	0.6464392564886857	0.17900588319018967
4.36	0.6464392564886857	0.18029814766663857
4.365	0.6464392564886858	0.18161214440135495
4.37	0.6464392564886857	0.18294741709246043
4.375	0.6464392564886853	0.18430348298610108
4.38	0.6464392564886857	0.1856798310841767
4.385	0.6464392564886858	0.18707592075578408
4.39	0.6464392564886856	0.1884911806631237
4.395	0.6464392564886856	0.1899250071405517
4.4	0.6464392564886858	0.19137676422186334
4.405	0.6464392564886857	0.1928457823813195
4.41	0.6464392564886866	0.19433135951288066
4.415	0.6464392564886857	0.19583275921282853
4.42	0.6464392564886857	0.19734921316092105
4.425	0.6464392564886857	0.19887992057597487
4.43	0.6464392564886857	0.20042402610645663
4.435	0.6464392564886858	0.2019807155804627
4.44	0.6464392564886857	0.20354907221306437
4.445	0.6464392564886857	0.20512817758859614
4.45	0.6464392564886856	0.20671710227938192
4.455	0.6464392564886857	0.20831484968396194
4.46	0.6464392564886856	0.20992044820157682
4.465	0.6464392564886856	0.21153289231840122
4.47	0.6464392564886858	0.21315116038354484
4.475	0.6464392564886855	0.2147742182610162
4.48	0.6464392564886857	0.21640102307952055
4.485	0.6464392564886856	0.21803052431071107
4.49	0.6464392564886856	0.21966166856817884
4.495	0.6464392564886856	0.22129340254121527
4.5	0.6464392564886855	0.22292467641201175
4.505	0.6464392564886856	0.22455444381538514
4.51	0.6464392564886857	0.22618167952476068
4.515	0.6464392564886858	0.2278053615444703
4.52	0.6464392564886855	0.22942448771312732
4.525	0.6464392564886855	0.23103807795157794
4.53	0.6464392564886856	0.23264517521001693
4.535	0.6464392564886856	0.2342448520978972
4.54	0.6464392564886857	0.23583620946269357
4.545	0.6464392564886856	0.23741838256450398
4.55	0.6464392564886857	0.2389905450820681
4.555	0.6464392564886846	0.24055190408617816
4.56	0.6464392564886857	0.2421017196654201
4.565	0.6464392564886856	0.24363928790402378
4.57	0.6464392564886857	0.24516395383925074
4.575	0.6464392564886857	0.24667511437713968
4.58	0.6464392564886856	0.2481722130423319
4.585	0.6464392564886856	0.24965474904205254
4.59	0.6464392564886856	0.25112227520967295
4.595	0.6464392564886856	0.25257439970749784
4.6	0.6464392564886855	0.2540107871446219
4.605	0.6464392564886854	0.25543115860823945
4.61	0.6464392564886855	0.2568352945757396
4.615	0.6464392564886854	0.25822303311991307
4.62	0.6464392564886853	0.25959426936895047
4.625	0.6464392564886854	0.2609489569619045
4.63	0.6464392564886853	0.2622871070264708
4.635	0.646439256488685	0.2636087875219771
4.64	0.646439256488685	0.2649141223310233
4.645	0.646439256488685	0.2662032902367854
4.65	0.6464392564886849	0.2674765236988402
4.655	0.6464392564886849	0.26873410647257767
4.66	0.6464392564886847	0.2699763732578128
4.665	0.6464392564886847	0.2712037068864973
4.67	0.6464392564886846	0.2724165354415448
4.675	0.6464392564886845	0.27361533210613054
4.68	0.6464392564886843	0.27480061271960116
4.685	0.646439256488684	0.27597292860627554
4.69	0.646439256488684	0.2771328692236845
4.695	0.6464392564886839	0.27828105647919155
4.7	0.6464392564886838	0.27941814327270625
4.705	0.6464392564886837	0.2805448085554586
4.71	0.6464392564886836	0.2816617556396667
4.715	0.6464392564886836	0.2827697086883965
4.72	0.6464392564886834	0.28386940662220905
4.725	0.6464392564886832	0.28496160590312797
4.73	0.6464392564886833	0.28604706903608446
4.735	0.6464392564886836	0.2871265679110819
4.74	0.6464392564886857	0.2882008767341197
4.745	0.6464392564886858	0.28927076863974727
4.75	0.6464392564886857	0.290337014020959
4.755	0.6464392564886857	0.29140037262958235
4.76	0.6464392564886858	0.2924615965833451
4.765	0.6464392564886857	0.2935214196055043
4.77	0.6464392564886858	0.2945805595410012
4.775	0.6464392564886858	0.2956397105198827
4.78	0.6464392564886858	0.29669954504147944
4.785	0.6464392564886858	0.2977607032144371
4.79	0.6464392564886858	0.2988237952953692
4.795	0.6464392564886857	0.29988939605250087
4.8	0.6464392564886858	0.30095804252885316
4.805	0.6464392564886857	0.3020302310659894
4.81	0.6464392564886858	0.30310641390155757
4.815	0.6464392564886859	0.30418699737685073
4.82	0.6464392564886858	0.30527233884006344
4.825	0.6464392564886858	0.3063627443801074
4.83	0.6464392564886858	0.30745846681463845
4.835	0.6464392564886858	0.30855970292797996
4.84	0.6464392564886857	0.309666592522679
4.845	0.6464392564886872	0.3107792161960128
4.85	0.6464392564886858	0.3118975939553499
4.855	0.6464392564886857	0.3130216839297222
4.86	0.6464392564886858	0.3141513812788639
4.865	0.6464392564886859	0.3152865171486442
4.87	0.6464392564886859	0.31642685868597664
4.875	0.646439256488686	0.3175721075170057
4.88	0.6464392564886854	0.31872190085876395
4.885	0.6464392564886858	0.3198758103893893
4.89	0.6464392564886858	0.32103334327243127
4.895	0.6464392564886859	0.32219394253306244
4.9	0.6464392564884628	0.3233569856730782
4.905	0.6464392564886858	0.3245217942942405
4.91	0.6464392564886859	0.3256876211134731
4.915	0.6464392564886857	0.32685366697768625
4.92	0.6464392564886858	0.3280190695330149
4.925	0.6464392564886857	0.32918291342174527
4.93	0.6464392564886859	0.33034422962929233
4.935	0.6464392564886859	0.33150199928045404
4.94	0.6464392564886858	0.33265515582000393
4.945	0.6464392564886857	0.33380258762601955
4.95	0.6464392564886858	0.33494314286427374
4.955	0.6464392564886858	0.3360756319387745
4.96	0.6464392564886858	0.33719883326646505
4.965	0.6464392564886858	0.33831149038425956
4.97	0.6464392564884812	0.33941232670199356
4.975	0.6464392564886859	0.3405000428730553
4.98	0.6464392564886858	0.34157332317002675
4.985	0.6464392564886857	0.34263083899353497
4.99	0.6464392564886854	0.34367125886601657
4.995	0.6464392564886856	0.34469324587088834
5.0	0.6464392564886857	0.3456954693329215
