V, MHC_k, MHC_DOS_k
-5.0	8.634818099316242	6.707721878899122
-4.995	8.634818099316242	6.842523505904321
-4.99	8.634818099316243	6.97974081484792
-4.985	8.634818099316243	7.1193585817036436
-4.98	8.634818099316243	7.261360494432388
-4.975	8.634818099316245	7.405729136469624
-4.97	8.634818099316243	7.552445854609641
-4.965	8.634818099316245	7.701490846329208
-4.96	8.634818099316245	7.852843093146435
-4.955	8.634818099316243	8.006480165769661
-4.95	8.634818099316245	8.16237844348026
-4.945	8.634818099316245	8.320512867991484
-4.94	8.634818099316245	8.48085703849346
-4.935	8.634818099316247	8.64338311253628
-4.93	8.634818099316245	8.808061510895042
-4.925	8.634818099316245	8.974862360563662
-4.92	8.634818099316245	9.143752504852646
-4.915	8.63481809931624	9.314698452903059
-4.91	8.634818099316247	9.487664891511397
-4.905	8.634818099316249	9.662614915964145
-4.9	8.634818099316245	9.839510075454472
-4.895	8.634818099316247	10.018310309517247
-4.89	8.634818099316247	10.19897399465063
-4.885	8.634818099316249	10.381458727114973
-4.88	8.634818099316245	10.565718060352705
-4.875	8.634818099316247	10.751706261439764
-4.87	8.634818099316247	10.939375273033697
-4.865	8.634818099316247	11.128675435446416
-4.86	8.634818099316247	11.319555428413622
-4.855	8.634818099316247	11.511962410809423
-4.85	8.634818099316245	11.705841954139203
-4.845	8.634818099316245	11.901138054163962
-4.84	8.634818099316247	12.097793146038565
-4.835	8.634818099316245	12.29574817264595
-4.83	8.634818099316247	12.49494256414915
-4.825	8.634818099316245	12.695314255925192
-4.82	8.63481809931624	12.89679975355314
-4.815	8.634818099316243	13.099334138211342
-4.81	8.634818099316247	13.302851084859597
-4.805	8.634818099316247	13.507282921266361
-4.8	8.634818099316245	13.712560643651932
-4.795	8.634818099316247	13.918613997189984
-4.79	8.634818099316245	14.125371399104859
-4.785	8.634818099316245	14.33276011850528
-4.78	8.634818099316245	14.540706246736946
-4.775	8.634818099316243	14.749134691997606
-4.77	8.634818099316245	14.95796944687557
-4.765	8.634818099316245	15.167133280837678
-4.76	8.634818099316242	15.376548065233965
-4.755	8.634818099316243	15.58613467334892
-4.75	8.634818099316243	15.795813126051137
-4.745	8.634818099316242	16.005502562882402
-4.74	8.634818099316243	16.215121352786202
-4.735	8.634818099316242	16.42458707201893
-4.73	8.634818099316243	16.633816630416785
-4.725	8.634818099316242	16.842726251037103
-4.72	8.634818099316238	17.051231571964962
-4.715	8.634818099316238	17.259247657968565
-4.71	8.634818099316236	17.46668909125861
-4.705	8.634818099316234	17.67347001803035
-4.7	8.634818099316234	17.879504096253985
-4.695	8.634818099316238	18.08470471322581
-4.69	8.634818099316236	18.288984930559167
-4.685	8.634818099316236	18.492257576102798
-4.68	8.634818099316236	18.694435240033055
-4.675	8.634818099316236	18.89543040013193
-4.67	8.634818099316236	19.0951554325412
-4.665	8.634818099316236	19.293522645633736
-4.66	8.634818099316234	19.49044440934105
-4.655	8.634818099316234	19.685833102700457
-4.65	8.634818099316233	19.879601261223403
-4.645	8.634818099316233	20.071661567622936
-4.64	8.634818099316231	20.261926943613762
-4.635	8.634818099316234	20.45031063792729
-4.63	8.634818099316234	20.63672609807395
-4.625	8.634818099316236	20.821087336549724
-4.62	8.634818099316238	21.003308699568557
-4.615	8.634818099316238	21.18330534652406
-4.61	8.634818099316243	21.360992275915617
-4.605	8.634818099316252	21.53628579425539
-4.6	8.634818099316261	21.70910276527696
-4.595	8.63481809931627	21.879360770143723
-4.59	8.634818099316242	22.0469782121307
-4.585	8.634818099316243	22.211874393237206
-4.58	8.634818099316243	22.37396958617083
-4.575	8.634818099316243	22.53318512915244
-4.57	8.634818099316245	22.689443384999972
-4.565	8.634818099316245	22.842667970872423
-4.56	8.634818099316243	22.992783749175068
-4.555	8.634818099316243	23.139716982484487
-4.55	8.634818099316243	23.283395264353587
-4.545	8.634818099316245	23.42374773701797
-4.54	8.634818099316245	23.560705078733584
-4.535	8.634818099316245	23.694198053128627
-4.53	8.634818099316245	23.824165670246387
-4.525	8.634818099316245	23.950539049547313
-4.52	8.634818099316245	24.07325771635975
-4.515	8.634818099316245	24.192261605993124
-4.51	8.634818099316243	24.307492802811392
-4.505	8.634818099316236	24.41889553836643
-4.5	8.634818099316245	24.52641641520651
-4.495	8.634818099316245	24.630004415365008
-4.49	8.634818099316245	24.729611022637812
-4.485	8.634818099316245	24.825190320665243
-4.48	8.634818099316245	24.916699088431557
-4.475	8.634818099316247	25.004096907673674
-4.47	8.634818099315309	25.087346238514186
-4.465	8.634818099316247	25.16641254877601
-4.46	8.634818099316247	25.24126431132533
-4.455	8.634818099316245	25.311873381528493
-4.45	8.634818099316245	25.37821469889561
-4.445	8.634818099315268	25.440266659654924
-4.44	8.634818099316245	25.498011091592126
-4.435	8.634818099316245	25.551433444570186
-4.43	8.634818099316245	25.60052274901048
-4.425	8.634818099316245	25.64527178863671
-4.42	8.634818099316249	25.68567713544922
-4.415	8.634818099316245	25.721739275250794
-4.41	8.634818099316238	25.753462693436227
-4.405	8.634818099316242	25.780855806275483
-4.4	8.634818099316245	25.8039311923694
-4.395	8.634818099316245	25.822705623268728
-4.39	8.634818099316243	25.837200052020016
-4.385	8.634818099316243	25.847439710601893
-4.38	8.634818099316243	25.85345409939956
-4.375	8.634818099316243	25.855277150449574
-4.37	8.634818099316243	25.852947102192655
-4.365	8.634818099316243	25.846506685717095
-4.36	8.634818099316243	25.836002943438945
-4.355	8.634818099316242	25.821487415557417
-4.35	8.634818099316243	25.803016075079857
-4.345	8.634818099316242	25.780649251003425
-4.34	8.634818099316243	25.754451792860376
-4.335	8.634818099316243	25.72449283675403
-4.33	8.634818099316243	25.69084590514678
-4.325	8.634818099316243	25.653588854057354
-4.32	8.634818099316274	25.612803735828923
-4.315	8.634818099316261	25.568576891374565
-4.31	8.634818099316256	25.520998694054555
-4.305	8.634818099316238	25.47016362463974
-4.3	8.634818099316242	25.416170066361204
-4.295	8.634818099316238	25.359120318822818
-4.29	8.634818099316238	25.29912040579695
-4.285	8.634818099316236	25.236279968736817
-4.28	8.634818099316234	25.17071217436764
-4.275	8.634818099316236	25.102533569336146
-4.27	8.634818099316234	25.03186380945251
-4.265	8.634818099316234	24.958825896070707
-4.26	8.634818099316234	24.883545533445133
-4.255	8.634818099316236	24.8061512609434
-4.25	8.634818099316236	24.726774106231982
-4.245	8.634818099351037	24.645547544459053
-4.24	8.634818099347566	24.56260729560891
-4.235	8.63481809934419	24.478090996809478
-4.23	8.634817991991957	24.392138160651818
-4.225	8.634818014135316	24.3048899041824
-4.22	8.634818031846917	24.216488738074222
-4.215	8.634818045983678	24.12707830760568
-4.21	8.634818057243299	24.03680334435776
-4.205	8.634818066192455	23.945809235102463
-4.2	8.634818073290338	23.854241960058594
-4.195	8.634818078908147	23.76224778886074
-4.19	8.634818083345245	23.66997311281349
-4.185	8.634818086842511	23.577564176173308
-4.18	8.63481808959331	23.48516696083379
-4.175	8.6348180917525	23.39292682882421
-4.17	8.634818093443835	23.300988458065454
-4.165	8.634818094765969	23.209495487575445
-4.16	8.634818095797378	23.118590418971994
-4.155	8.634818096600354	23.028414411107594
-4.15	8.63481809722421	22.939107037373535
-4.145	8.63481809770792	22.850806147634007
-4.14	8.63481809808221	22.763647652030873
-4.135	8.634818098371245	22.677765399644432
-4.13	8.63481809859399	22.59329092358136
-4.125	8.634818098765313	22.51035342692613
-4.12	8.63481809889681	22.429079501721496
-4.115	8.634818098997545	22.349593109445248
-4.11	8.634818099074552	22.272015316166723
-4.105	8.634818099133312	22.19646428044937
-4.1	8.634818099178057	22.123055205788315
-4.095	8.634818099212051	22.051899954860712
-4.09	8.634818099237837	21.983107632281296
-4.085	8.634818099257355	21.91678363119745
-4.08	8.6348180992721	21.853030146159696
-4.075	8.634818099283217	21.791946002291212
-4.07	8.634818099291584	21.73362657790553
-4.065	8.634818099297867	21.67816387599776
-4.06	8.634818099302578	21.625646374859993
-4.055	8.6348180993061	21.576159117305707
-4.05	8.634818099308733	21.529783688356762
-4.045	8.634818099310696	21.486598249790728
-4.04	8.634818099312154	21.44667755638207
-4.035	8.634818099313243	21.41009301065674
-4.03	8.634818099314051	21.376912689763493
-4.025	8.634818099314653	21.347201379501108
-4.02	8.6348180993151	21.321020718777923
-4.015	8.634818099315437	21.298429182685055
-4.01	8.63481809931569	21.279482319539863
-4.005	8.63481809931589	21.26422751987587
-4.0	8.634818099316046	21.2527241407083
-3.995	8.634818099316185	21.245014501309957
-3.99	8.634818099316293	21.24114285231658
-3.985	8.6348180993164	21.24115096313424
-3.98	8.63481809931651	21.245078137556288
-3.975	8.634818099316627	21.252961358541704
-3.97	8.634818099316755	21.264835469310853
-3.965	8.634818099316908	21.280733243170634
-3.96	8.634818099317084	21.300685488164966
-3.955	8.634818099317293	21.324721169170317
-3.95	8.634818099317549	21.35286757125185
-3.945	8.634818099317853	21.385150368834807
-3.94	8.634818099318215	21.421593892958008
-3.935	8.63481809931865	21.46222099756705
-3.93	8.63481809931917	21.507076317423568
-3.925	8.634818099319785	21.556136596389358
-3.92	8.634818099320514	21.609415220369378
-3.915	8.63481809932137	21.66698292653936
-3.91	8.63481809932237	21.728832577297354
-3.905	8.634818099323537	21.79498136204166
-3.9	8.634818099324885	21.865445850440498
-3.895	8.634818099326436	21.940242111251223
-3.89	8.634818099328204	22.019385779285432
-3.885	8.634818099330204	22.102892044039823
-3.88	8.634818099332449	22.19077596848846
-3.875	8.634818099334947	22.283052294847717
-3.87	8.634818099337691	22.379735780919493
-3.865	8.634818099340677	22.48084044471708
-3.86	8.634818099343871	22.58638095297726
-3.855	8.634818099347235	22.69637168359989
-3.85	8.634818099350701	22.81082700656493
-3.845	8.634818099316238	22.92976134599324
-3.84	8.634818099316236	23.05318919509148
-3.835	8.634818099316234	23.18112507412774
-3.83	8.634818099316236	23.313583603415502
-3.825	8.634818099316236	23.45057950960115
-3.82	8.634818099316238	23.59212762257444
-3.815	8.63481809931624	23.738242797648226
-3.81	8.634818099316238	23.888940010483715
-3.805	8.63481809931624	24.04423421996705
-3.8	8.634818099316245	24.20414045661297
-3.795	8.634818099316245	24.368673774306536
-3.79	8.634818099316243	24.537849141820196
-3.785	8.634818099316256	24.711681511127292
-3.78	8.634818099316265	24.890185723956844
-3.775	8.634818099316274	25.073376482343804
-3.77	8.634818099316245	25.261268280203215
-3.765	8.634818099316245	25.453875299287798
-3.76	8.634818099316243	25.651211601302176
-3.755	8.634818099316245	25.853290762349097
-3.75	8.634818099316247	26.060126000641468
-3.745	8.634818099316243	26.271730023732573
-3.74	8.634818099316243	26.488115065293606
-3.735	8.634818099316245	26.7092927369558
-3.73	8.634818099316243	26.935273902924518
-3.725	8.634818099316243	27.166068802256767
-3.72	8.634818099316245	27.401686811245835
-3.715	8.634818099316243	27.642136393541296
-3.71	8.634818099316245	27.88742507963962
-3.705	8.634818099316245	28.137559336401846
-3.7	8.634818099316245	28.392544508638736
-3.695	8.634818099316245	28.65238474415003
-3.69	8.634818099316245	28.91708287167517
-3.685	8.634818099316245	29.1866404156474
-3.68	8.634818099316243	29.46105737534296
-3.675	8.634818099316245	29.740332223679324
-3.67	8.634818099316243	30.024461799716352
-3.665	8.634818099316243	30.31344124527077
-3.66	8.634818099316245	30.607263877251548
-3.655	8.634818099316243	30.90592113414404
-3.65	8.634818099315288	31.209402457201957
-3.645	8.634818099316245	31.517695240894593
-3.64	8.634818099316245	31.830784681697597
-3.635	8.634818099316243	32.14865388810509
-3.63	8.634818099316245	32.471283265083926
-3.625	8.634818099315286	32.798651196863524
-3.62	8.634818099316245	33.13073335815081
-3.615	8.634818099316243	33.46750292491937
-3.61	8.634818099316245	33.80893039319944
-3.605	8.634818099316245	34.15498350068263
-3.6	8.634818099316245	34.50562711696851
-3.595	8.634818099316245	34.86082333624821
-3.59	8.634818099316242	35.22053122330016
-3.585	8.634818099316247	35.584706878473
-3.58	8.634818099316243	35.95330310610441
-3.575	8.634818099316243	36.326269821218915
-3.57	8.634818099316242	36.7035536415568
-3.565	8.634818099316243	37.085098023721365
-3.56	8.634818099316245	37.47084299935106
-3.555	8.634818099316245	37.86072537100093
-3.55	8.634818099316245	38.25467859518808
-3.545	8.634818099316245	38.652632980428365
-3.54	8.634818099316245	39.05451475621749
-3.535	8.634818099316245	39.46024745380306
-3.53	8.634818099316245	39.86975101007016
-3.525	8.634818099316245	40.28294181502886
-3.52	8.634818099316243	40.69973328368543
-3.515	8.634818099316243	41.12003535259014
-3.51	8.634818099316243	41.5437542541493
-3.505	8.634818099316245	41.97079354297609
-3.5	8.634818099316274	42.40105329568762
-3.495	8.634818099316263	42.83443047135998
-3.49	8.634818099316256	43.27081891396986
-3.485	8.634818099316243	43.710109624691135
-3.48	8.634818099316245	44.152190753465284
-3.475	8.634818099316243	44.59694734153398
-3.47	8.63481809931624	45.04426206783904
-3.465	8.634818099316238	45.49401492865035
-3.46	8.634818099316236	45.94608361014273
-3.455	8.634818099316234	46.40034322617161
-3.45	8.634818099316236	46.85666700338422
-3.445	8.634818099316234	47.31492603290361
-3.44	8.634818099316234	47.77498953777959
-3.435	8.634818099316238	48.23672514969857
-3.43	8.634818099316238	48.69999886657107
-3.425	8.634818099316238	49.164675441097394
-3.42	8.63481809931624	49.630618654114095
-3.415	8.63481809931624	50.09769037973527
-3.41	8.63481809931624	50.56575303603844
-3.405	8.634818099316242	51.03466760375131
-3.4	8.634818099316242	51.50429484976733
-3.395	8.634818099316242	51.97449519763723
-3.39	8.634818099316242	52.44512921515631
-3.385	8.634818099316242	52.91605757676204
-3.38	8.634818099316242	53.38714125719676
-3.375	8.634818099316242	53.85824190824208
-3.37	8.634818099316243	54.32922174089333
-3.365	8.634818099316245	54.7999438768064
-3.36	8.634818099316242	55.27027277253914
-3.355	8.634818099316243	55.74007373927001
-3.35	8.634818099316245	56.209213802492386
-3.345	8.634818099316243	56.677561602257384
-3.34	8.634818099316245	57.14498733421221
-3.335	8.634818099316245	57.61136304175405
-3.33	8.634818099316243	58.07656299481916
-3.325	8.634818099316245	58.54046337983873
-3.32	8.634818099316245	59.0029428110521
-3.315	8.634818099316245	59.46388213364581
-3.31	8.634818099316245	59.92316466753201
-3.305	8.634818099316245	60.38067633329059
-3.3	8.634818099316245	60.8363056011532
-3.295	8.634818099316245	61.289943570387976
-3.29	8.634818099316245	61.74148413036419
-3.285	8.634818099316245	62.19082400068246
-3.28	8.634818099316245	62.637862402486014
-3.275	8.63481809931624	63.08250143258611
-3.27	8.634818099316245	63.52464638693025
-3.265	8.634818099316245	63.96420489294565
-3.26	8.634818099316243	64.40108754159942
-3.255	8.634818099316245	64.8352077545711
-3.25	8.634818099316245	65.26648119208208
-3.245	8.634818099316245	65.69482674337551
-3.24	8.634818099316243	66.12016555054187
-3.235	8.634818099316245	66.54242134825422
-3.23	8.634818099316245	66.96152034070302
-3.225	8.634818099316243	67.37739097123044
-3.22	8.634818099316243	67.78996399702666
-3.215	8.634818099316245	68.19917234036966
-3.21	8.634818099316247	68.60495069537104
-3.205	8.634818099316245	69.00723618368457
-3.2	8.634818099316245	69.40596709106286
-3.195	8.634818099316245	69.80108370982782
-3.19	8.634818099316245	70.19252782510495
-3.185	8.634818099316245	70.5802424715717
-3.18	8.634818099316242	70.96417211352276
-3.175	8.634818099316245	71.34426203542519
-3.17	8.634818099316245	71.72045863440351
-3.165	8.634818099316245	72.09270900922033
-3.16	8.634818099316245	72.46096101947997
-3.155	8.634818099316247	72.8251628981536
-3.15	8.634818099316245	73.18526314871927
-3.145	8.634818099316245	73.54121072275257
-3.14	8.634818099316245	73.89295438125286
-3.135	8.634818099316243	74.24044289769652
-3.13	8.634818099316245	74.583624749093
-3.125	8.634818099316245	74.92244803603133
-3.12	8.634818099316245	75.25686095583438
-3.115	8.634818099316245	75.58680946699607
-3.11	8.634818099316245	75.91224018148182
-3.105	8.634818099316247	76.23309846521389
-3.1	8.634818099316243	76.54932870988816
-3.095	8.634818099316245	76.86087416178948
-3.09	8.634818099316245	77.16767674847519
-3.085	8.634818099316243	77.46967720918217
-3.08	8.634818099316243	77.76681493917768
-3.075	8.634818099316243	78.05902760945746
-3.07	8.634818099316243	78.34625193839072
-3.065	8.634818099316243	78.62842254632085
-3.06	8.634818099316242	78.90547262110047
-3.055	8.634818099316243	79.17733357185628
-3.05	8.63481809931624	79.44393499661189
-3.045	8.634818099316242	79.70520549300817
-3.04	8.63481809931624	79.96107110452279
-3.035	8.634818099316242	80.21145639673779
-3.03	8.634818099316238	80.45628427188203
-3.025	8.634818099316238	80.69547600568437
-3.02	8.634818099316236	80.92895102867077
-3.015	8.634818099316236	81.15662740593119
-3.01	8.634818099316236	81.37842135468503
-3.005	8.634818099316236	81.59424791940468
-3.0	8.634818099316236	81.804020565504
-2.995	8.634818099316236	82.0076515394669
-2.99	8.634818099316238	82.20505184033816
-2.985	8.634818099316242	82.39613143733268
-2.98	8.634818099316245	82.58079935268451
-2.975	8.634818099316247	82.75896377761875
-2.97	8.634818099316245	82.93053235528727
-2.965	8.634818099316258	83.09541208975577
-2.96	8.634818099316265	83.25351002116695
-2.955	8.634818099316274	83.40473244866806
-2.95	8.634818099316245	83.54898654257646
-2.945	8.634818099316245	83.68617462993919
-2.94	8.634818099316245	83.81621782301981
-2.935	8.634818099316243	83.93901107996896
-2.93	8.634818099316245	84.05446827261633
-2.925	8.634818099316245	84.1624999822833
-2.92	8.634818099316243	84.26301830139995
-2.915	8.634818099316243	84.35593706862625
-2.91	8.634818099316245	84.4411720085396
-2.905	8.634818099316243	84.51864165909839
-2.9	8.634818099316243	84.58826649465236
-2.895	8.634818099316245	84.64997017464059
-2.89	8.634818099316242	84.70367946441567
-2.885	8.634818099316245	84.7493245785677
-2.88	8.634818099316243	84.78683931275468
-2.875	8.634818099316243	84.81616159820115
-2.87	8.634818099316252	84.83723365370275
-2.865	8.634818099316243	84.85000207053376
-2.86	8.634818099316242	84.85441869823617
-2.855	8.634818099316243	84.85044013450319
-2.85	8.634818099316243	84.83802862663985
-2.845	8.634818099316245	84.81715200377943
-2.84	8.634818099316242	84.78778384241312
-2.835	8.634818099316243	84.74990428631467
-2.83	8.634818099315265	84.70349935711612
-2.825	8.634818099316245	84.64856217573107
-2.82	8.634818099316242	84.58509246360403
-2.815	8.634818099316243	84.51309706966258
-2.81	8.634818099316245	84.43259005839694
-2.805	8.634818099315304	84.34359261744885
-2.8	8.634818099316242	84.24613435441412
-2.795	8.634818099316242	84.14025166608474
-2.79	8.634818099316245	84.02598912423313
-2.785	8.634818099316242	83.90339963910947
-2.78	8.634818099316245	83.77254279672876
-2.775	8.634818099316243	83.63348757475728
-2.77	8.634818099316243	83.4863106767332
-2.765	8.634818099316249	83.33109681633823
-2.76	8.634818099316243	83.16793891045424
-2.755	8.634818099316243	82.9969380633644
-2.75	8.634818099316243	82.81820325408583
-2.745	8.634818099316245	82.6318517623502
-2.74	8.634818099316243	82.43800860478711
-2.735	8.634818099316243	82.23680666129516
-2.73	8.634818099316243	82.02838649546695
-2.725	8.634818099316245	81.81289627680822
-2.72	8.634818099316245	81.59049157193938
-2.715	8.634818099316243	81.36133496978965
-2.71	8.634818099316243	81.12559631174906
-2.705	8.634818099316243	80.88345191683364
-2.7	8.634818099316243	80.63508481519403
-2.695	8.634818099316245	80.38068409861047
-2.69	8.634818099316243	80.12044493009212
-2.685	8.634818099316245	79.85456801292733
-2.68	8.634818099316272	79.58325939047504
-2.675	8.634818099316265	79.30673026921482
-2.67	8.634818099316254	79.02519631947482
-2.665	8.63481809931625	78.73887755539329
-2.66	8.634818099316245	78.44799786714125
-2.655	8.634818099316245	78.15278463912107
-2.65	8.63481809931624	77.85346847346335
-2.645	8.634818099316238	77.55028265876858
-2.64	8.634818099316238	77.24346277122396
-2.635	8.634818099316236	76.93324536542491
-2.63	8.634818099316234	76.61987143228883
-2.625	8.634818099316234	76.3035799301795
-2.62	8.634818099316238	75.9846123640418
-2.615	8.634818099316236	75.66320769468122
-2.61	8.63481809931624	75.33960782553956
-2.605	8.634818099350383	75.01405228966865
-2.6	8.634818099346925	74.6867800331838
-2.595	8.634818099343578	74.35802837368492
-2.59	8.634818099340396	74.02803256564448
-2.585	8.63481809933743	73.69702570034151
-2.58	8.63481809933471	73.36523771063115
-2.575	8.634818099332236	73.03289595396052
-2.57	8.634818099330012	72.70022384401413
-2.565	8.634818099328031	72.36744072572256
-2.56	8.634818099326285	72.03476175880044
-2.555	8.634818099324756	71.70239750486553
-2.55	8.634818099323427	71.37055324043652
-2.545	8.634818099322274	71.03942876876182
-2.54	8.634818099321288	70.7092187571663
-2.535	8.634818099320444	70.38011119446143
-2.53	8.634818099319727	70.05228796440211
-2.525	8.634818099319123	69.72592410613419
-2.52	8.634818099318613	69.40118847430007
-2.515	8.634818099318188	69.07824190762828
-2.51	8.634818099317831	68.75723825367977
-2.505	8.634818099317538	68.43832369387393
-2.5	8.634818099317293	68.12163658002407
-2.495	8.634818099317094	67.80730721119177
-2.49	8.634818099316929	67.49545775283194
-2.485	8.634818099316796	67.18620196747729
-2.48	8.634818099316687	66.87964518476349
-2.475	8.634818099316599	66.5758841672085
-2.47	8.634818099316528	66.2750068419568
-2.465	8.63481809931647	65.97709235812239
-2.46	8.634818099316425	65.68221101065505
-2.455	8.634818099316389	65.39042418715644
-2.45	8.634818099316364	65.10178427195406
-2.445	8.634818099316346	64.81633399561589
-2.44	8.634818099316332	64.53410908568284
-2.435	8.634818099316323	64.25513414931252
-2.43	8.634818099316325	63.97942591233306
-2.425	8.634818099316332	63.706991792476806
-2.42	8.634818099316345	63.437829593117314
-2.415	8.634818099316371	63.17192969845791
-2.41	8.634818099316401	62.909273008469526
-2.405	8.634818099316453	62.649831875702645
-2.4	8.634818099316522	62.39357028983459
-2.395	8.634818099316616	62.140443613970774
-2.39	8.634818099316744	61.890399060963816
-2.385	8.634818099316918	61.64337567002479
-2.38	8.634818099317151	61.39930448229152
-2.375	8.634818099317462	61.15810885970938
-2.37	8.634818099317876	60.91970449685136
-2.365	8.634818099318426	60.68399960952713
-2.36	8.634818099319157	60.45089525298206
-2.355	8.634818099320125	60.22028549683093
-2.35	8.634818099321402	59.99205765413595
-2.345	8.634818099323079	59.76609236211125
-2.34	8.634818099325283	59.542264205503784
-2.335	8.634818099328166	59.32044148616136
-2.33	8.634818099331929	59.1004869284732
-2.325	8.63481809933683	58.88225746113498
-2.32	8.634818099343194	58.66560504371984
-2.315	8.634818099351447	58.450376699870965
-2.31	8.634818099362107	58.2364144127258
-2.305	8.634818099375849	58.02355614566869
-2.3	8.634818099393518	57.81163577830543
-2.295	8.634818099416181	57.60048326877019
-2.29	8.634818099445166	57.38992547956935
-2.285	8.63481809948215	57.179785575302894
-2.28	8.634818099529207	56.96988424942749
-2.275	8.634818099588935	56.760039953950724
-2.27	8.634818099664539	56.55006875317931
-2.265	8.63481809975999	56.339785003500495
-2.26	8.634818099880173	56.12900161754164
-2.255	8.634818100031094	55.91753039604229
-2.25	8.6348181002201	55.705182424143246
-2.245	8.634818099330602	55.49176864620131
-2.24	8.634818099332897	55.27709917984075
-2.235	8.634818099335442	55.060986126614836
-2.23	8.634818099338233	54.84323939239895
-2.225	8.63481809934126	54.623672573104415
-2.22	8.634818099344493	54.40209978930643
-2.215	8.634818099347882	54.178336858781186
-2.21	8.634818099351351	53.95220159569022
-2.205	8.634818099316236	53.72351467648765
-2.2	8.634818099316236	53.49209869487342
-2.195	8.634818099316236	53.257781185138974
-2.19	8.634818099316234	53.02039146575479
-2.185	8.634818099316234	52.77976339601274
-2.18	8.634818099316236	52.53573511912054
-2.175	8.634818099316234	52.28814904015494
-2.17	8.634818099316236	52.036852696869
-2.165	8.634818099316238	51.78169879940722
-2.16	8.634818099316243	51.522545598038704
-2.155	8.634818099316245	51.25926311434267
-2.15	8.634818099316245	50.991709313864064
-2.145	8.634818099316258	50.719767228104075
-2.14	8.634818099316266	50.44331542431783
-2.135	8.634818099316275	50.16225456479097
-2.13	8.634818099316245	49.87647712823209
-2.125	8.634818099316247	49.585888527606855
-2.12	8.634818099316245	49.290401817306744
-2.115	8.634818099316245	48.989938253364
-2.11	8.634818099316245	48.68442723918762
-2.105	8.634818099316245	48.373806799858244
-2.1	8.634818099316245	48.058023536201894
-2.095	8.634818099316245	47.73703288864075
-2.09	8.634818099316245	47.41079939452841
-2.085	8.634818099316245	47.07929680327042
-2.08	8.634818099316245	46.742507989786944
-2.075	8.634818099316245	46.40042543691702
-2.07	8.634818099316245	46.05305111642151
-2.065	8.634818099316245	45.70039657591906
-2.06	8.634818099316245	45.3424831190902
-2.055	8.634818099316245	44.979341731317376
-2.05	8.634818099316245	44.61101307713355
-2.045	8.634818099316243	44.23754778265505
-2.04	8.634818099316245	43.85900602451828
-2.035	8.634818099316245	43.47545788657287
-2.03	8.634818099316245	43.08698298847548
-2.025	8.634818099316245	42.69367066403645
-2.02	8.634818099316245	42.29561971424288
-2.015	8.634818099316245	41.8929382327854
-2.01	8.634818099315247	41.48574425625164
-2.005	8.634818099316247	41.07416378969352
-2.0	8.634818099316245	40.658332765839944
-1.995	8.634818099316245	40.23839554694314
-1.99	8.634818099316247	39.81450529893721
-1.985	8.634818099315329	39.386823282214216
-1.98	8.634818099316247	38.9555189945045
-1.975	8.634818099316247	38.5207698224266
-1.97	8.634818099316245	38.082760687134986
-1.965	8.634818099316245	37.64168537560999
-1.96	8.634818099316243	37.197740065620856
-1.955	8.634818099316247	36.75113238511655
-1.95	8.634818099316243	36.30207431690305
-1.945	8.634818099316247	35.85078428002857
-1.94	8.634818099316245	35.397486083237006
-1.935	8.634818099316247	34.94240889162695
-1.93	8.634818099316245	34.485786716768374
-1.925	8.634818099316245	34.02785812807255
-1.92	8.634818099316243	33.5688657081999
-1.915	8.634818099316245	33.109055764093966
-1.91	8.634818099316245	32.64867785204298
-1.905	8.634818099316247	32.18798446521098
-1.9	8.634818099316243	31.727230457368194
-1.895	8.634818099316245	31.266672797337282
-1.89	8.634818099316243	30.806570070406618
-1.885	8.634818099316245	30.347181789470994
-1.88	8.634818099316245	29.88876868611465
-1.875	8.634818099316245	29.431591467127355
-1.87	8.634818099316245	28.97591098640353
-1.865	8.634818099316282	28.52198748465655
-1.86	8.634818099316272	28.070080406424577
-1.855	8.634818099316263	27.62044796137121
-1.85	8.634818099316245	27.17334672607974
-1.845	8.63481809931625	26.729031090907114
-1.84	8.634818099316245	26.287752451492544
-1.835	8.63481809931624	25.84976157678778
-1.83	8.63481809931624	25.4153040101052
-1.825	8.634818099316238	24.984622625988944
-1.82	8.634818099316238	24.557957902385912
-1.815	8.634818099316238	24.135542171434466
-1.81	8.634818099316236	23.717607413128782
-1.805	8.634818099316236	23.30437967860038
-1.8	8.634818099316236	22.896080184662534
-1.795	8.634818099316238	22.49292498317424
-1.79	8.634818099316238	22.095124806561337
-1.785	8.634818099316236	21.70288486473691
-1.78	8.63481809931624	21.316404589482573
-1.775	8.63481809931624	20.935877487525904
-1.77	8.63481809931624	20.561490995967095
-1.765	8.634818099316242	20.19342632968806
-1.76	8.634818099316243	19.831858346667563
-1.755	8.634818099316242	19.47695540024116
-1.75	8.634818099316243	19.12887943068857
-1.745	8.634818099316243	18.7877854838849
-1.74	8.634818099316243	18.453822303397068
-1.735	8.634818099316243	18.127131617601183
-1.73	8.634818099316243	17.807848416242265
-1.725	8.634818099316243	17.496100924990817
-1.72	8.634818099316243	17.19201058861412
-1.715	8.634818099316245	16.895692067520635
-1.71	8.634818099316243	16.607253254253365
-1.705	8.634818099316245	16.32679532208398
-1.7	8.634818099316245	16.05441271897114
-1.695	8.634818099316243	15.790193345883743
-1.69	8.634818099316243	15.534218491781855
-1.685	8.634818099316245	15.286562860092834
-1.68	8.634818099316245	15.047294893504644
-1.675	8.634818099316245	14.816476601088693
-1.67	8.634818099316245	14.594163728391461
-1.665	8.634818099316243	14.380406052701591
-1.66	8.634818099316243	14.175247123116437
-1.655	8.634818099316245	13.978724690652776
-1.65	8.634818099316243	13.790870596132015
-1.645	8.634818099316243	13.611711033000985
-1.64	8.634818099316247	13.441266570547754
-1.635	8.634818099316243	13.279552397010587
-1.63	8.634818099316245	13.126578093860314
-1.625	8.634818099316245	12.982348235028459
-1.62	8.634818099316243	12.846862179094893
-1.615	8.634818099316245	12.720114271665052
-1.61	8.634818099316243	12.6020939399676
-1.605	8.634818099316247	12.49278581698507
-1.6	8.634818099316245	12.392169654890465
-1.595	8.634818099316243	12.300221158190102
-1.59	8.634818099316245	12.216910947625406
-1.585	8.634818099316243	12.14220541791718
-1.58	8.634818099316243	12.0760666895151
-1.575	8.634818099316245	12.018452625245432
-1.57	8.634818099316243	11.969316916387204
-1.565	8.634818099316243	11.928609149854841
-1.56	8.634818099316245	11.896274917855473
-1.555	8.634818099316245	11.872253814479258
-1.55	8.634818099316243	11.856489628065443
-1.545	8.634818099316243	11.84891014999729
-1.54	8.634818099316243	11.849447445074501
-1.535	8.634818099316249	11.858027802984049
-1.53	8.634818099316245	11.874573778094273
-1.525	8.634818099316243	11.899004159922425
-1.52	8.634818099316243	11.931234120633944
-1.515	8.634818099316245	11.97117580005068
-1.51	8.634818099316243	12.018735684597587
-1.505	8.634818099316243	12.073818627215191
-1.5	8.634818099316243	12.136325175618042
-1.495	8.634818099316242	12.206152218807388
-1.49	8.634818099316243	12.28319293372119
-1.485	8.634818099316243	12.367337242438367
-1.48	8.634818099316243	12.458470830998325
-1.475	8.634818099316243	12.556476107370502
-1.47	8.634818099316242	12.66123171349017
-1.465	8.634818099316243	12.772612607542298
-1.46	8.634818099316238	12.8904900748598
-1.455	8.63481809931624	13.014731662136866
-1.45	8.634818099316242	13.14520129418936
-1.445	8.63481809931624	13.281758814581675
-1.44	8.634818099316238	13.424261023602114
-1.435	8.634818099316233	13.572559591546087
-1.43	8.634818099316234	13.726533945315062
-1.425	8.634818099316234	13.88594029007322
-1.42	8.634818099316231	14.050708248774582
-1.415	8.634818099316231	14.2206458875105
-1.41	8.634818099316227	14.395586940703401
-1.405	8.634818099316224	14.575361388525371
-1.4	8.634818099316218	14.759795409931815
-1.395	8.634818099316215	14.948711538644911
-1.39	8.634818099316208	15.141928600510354
-1.385	8.634818099316202	15.339261500613812
-1.38	8.634818099316194	15.54052180811636
-1.375	8.634818099316185	15.74551735661535
-1.37	8.634818099316176	15.954052442607782
-1.365	8.634818099316162	16.165925161196093
-1.36	8.634818099316146	16.380941209581557
-1.355	8.634818099316128	16.59888599471699
-1.35	8.634818099316107	16.819553166412526
-1.345	8.63481809931608	17.042730233168495
-1.34	8.634818099316051	17.268201605793866
-1.335	8.634818099316014	17.495748703773888
-1.33	8.634818099315963	17.72515004634179
-1.325	8.634818099315918	17.956181375203137
-1.32	8.634818099315853	18.18861582868173
-1.315	8.634818099315774	18.422224063947635
-1.31	8.634818099315638	18.65677425432249
-1.305	8.634818099315508	18.892032533371797
-1.3	8.634818099315352	19.12776296100931
-1.295	8.634818099315163	19.363727703629426
-1.29	8.634818099314934	19.59968724523053
-1.285	8.634818099314655	19.835400647409998
-1.28	8.634818099314318	20.070625674073913
-1.275	8.634818099313911	20.305118950642413
-1.27	8.634818099313415	20.538636305876707
-1.265	8.634818099312815	20.77093286905625
-1.26	8.634818099312088	21.001763398943226
-1.255	8.634818099311207	21.23088244984676
-1.25	8.63481809931014	21.45804467965501
-1.245	8.634818099308847	21.683005012447673
-1.24	8.634818099307276	21.90551898655619
-1.235	8.634818099305377	22.125342948033488
-1.23	8.634818099303075	22.34223435081585
-1.225	8.634818099300281	22.555952061361346
-1.22	8.634818099296897	22.7662565490584
-1.215	8.634818099292794	22.972910236042996
-1.21	8.634818099287823	23.175677778890876
-1.205	8.634818099281798	23.374326331235817
-1.2	8.634818099274495	23.568625802447418
-1.195	8.634818099264846	23.758349193981832
-1.19	8.634818099253902	23.94327296979927
-1.185	8.634818099241928	24.123177262050525
-1.18	8.63481809922618	24.297846105323266
-1.175	8.634818099207097	24.46706783024573
-1.17	8.634818099182846	24.63063539175891
-1.165	8.63481809915505	24.788346441329903
-1.16	8.63481809912199	24.940003929219852
-1.155	8.634818099080846	25.085416284947723
-1.15	8.634818099030992	25.224397384125098
-1.145	8.634818098970594	25.35676739983826
-1.14	8.634818098897416	25.48235264711616
-1.135	8.634818098808765	25.600986010096552
-1.13	8.634818098701366	25.712507225485826
-1.125	8.63481809857128	25.81676304387214
-1.12	8.634818098413696	25.913607544667247
-1.115	8.634818098222835	26.00290242387907
-1.11	8.634818097991683	26.084517106745906
-1.105	8.634818097711758	26.15832907967508
-1.1	8.634818097372792	26.22422410126072
-1.095	8.634818096962377	26.282096294016963
-1.09	8.634818096465501	26.33184853387782
-1.085	8.634818095864016	26.373392397524725
-1.08	8.634818095135984	26.406648524536198
-1.075	8.634818094254895	26.4315466425352
-1.07	8.634818093188713	26.448025771721802
-1.065	8.634818091898756	26.45603435746982
-1.06	8.634818090338296	26.455530371243203
-1.055	8.634818088450933	26.446481327392
-1.05	8.6348180861686	26.428864566542494
-1.045	8.63481808340921	26.402667035809777
-1.04	8.634818080073646	26.367885583170267
-1.035	8.634818076042551	26.32452689995199
-1.03	8.634818071172022	26.272607494724298
-1.025	8.634818065288746	26.212153703516822
-1.02	8.634818058183988	26.14320171886904
-1.015	8.634818049606523	26.06579752553749
-1.01	8.634818039254133	25.979996768785014
-1.005	8.634818026763403	25.885864816353326
-1.0	8.634818011697574	25.783476523277017
-0.995	8.634817993532003	25.672916156080237
-0.99	8.634817971636837	25.554277359484672
-0.985	8.634817945256332	25.427662800598544
-0.98	8.634817913484255	25.293184304472263
-0.975	8.634817875234566	25.15096236147414
-0.97	8.6348178292066	25.001126051115644
-0.965	8.634817773877156	24.843812821846797
-0.96	8.634817707313982	24.6791682994644
-0.955	8.634817627328955	24.507345936142343
-0.95	8.634817531264634	24.328506887283833
-0.945	8.634817415949623	24.142819344721858
-0.94	8.63481727760217	23.950458725893135
-0.935	8.634817111716309	23.751607273235273
-0.93	8.634816912927622	23.546453395889618
-0.925	8.634816675654209	23.335191577841332
-0.92	8.634816390545726	23.118022054468806
-0.915	8.634816049599289	22.895150328160966
-0.91	8.634815642125698	22.666786919577234
-0.905	8.634815155458554	22.4331468978914
-0.9	8.634814574602073	22.19444953910626
-0.895	8.63481388181939	21.950917908405437
-0.89	8.634813056151993	21.702777899274583
-0.885	8.634812072859454	21.45026011424367
-0.88	8.634810902767187	21.193596119892526
-0.875	8.634809511508145	20.933021014218138
-0.87	8.6348078586425	20.668769323859173
-0.865	8.634805896637143	20.401079277336013
-0.86	8.634803569684497	20.130189254234267
-0.855	8.6348008123373	19.856338247053234
-0.85	8.634797547933273	19.579765477034893
-0.845	8.63479368678002	19.300709833768035
-0.84	8.634789124067154	19.0194096213614
-0.835	8.634783737468464	18.736102183451564
-0.83	8.63477738439266	18.451023436134577
-0.825	8.634769898746457	18.16440753387847
-0.82	8.634761087673219	17.87648657179953
-0.815	8.634750726981316	17.58749015396518
-0.81	8.63473855676824	17.297645066015182
-0.805	8.63472427604179	17.007175032034993
-0.8	8.634707536696414	16.716300261967312
-0.795	8.634687936691366	16.425237298900793
-0.79	8.634665012339408	16.134198614937784
-0.785	8.634638229606702	15.843392362615797
-0.78	8.634606974316057	15.5530221830702
-0.775	8.634570541137109	15.263286899963491
-0.77	8.634528121237889	14.974380282524143
-0.765	8.634478788463284	14.686490922704047
-0.76	8.634421483896679	14.399801853982924
-0.755	8.634354998652	14.114490695089534
-0.75	8.6342779547345	13.830729148794658
-0.745	8.634188783800095	13.548682975229463
-0.74	8.634085703634993	13.268511955088613
-0.735	8.633966692170246	12.990369674268438
-0.73	8.633829458839282	12.714403484098993
-0.725	8.633671413081661	12.440754358389647
-0.72	8.633489629792377	12.169556875975367
-0.715	8.633280811514407	11.900939168786586
-0.71	8.633041247172226	11.635022737650818
-0.705	8.632766767146904	11.371923022465037
-0.7	8.632452694498554	11.111748485762503
-0.695	8.632093792150792	10.854601117510251
-0.69	8.63168420586383	10.60057684793622
-0.685	8.631217402838987	10.349764737084682
-0.68	8.630686105817714	10.102247639709956
-0.675	8.630082222563491	9.858102054771368
-0.67	8.629396770644869	9.617398227024115
-0.665	8.628619797473778	9.380200229424162
-0.66	8.627740295591439	9.146566097039596
-0.655	8.626746113262296	8.916547840548166
-0.65	8.625623860427538	8.690191651457909
-0.645	8.624358810234002	8.46753798322959
-0.64	8.622934796316304	8.248621663707299
-0.635	8.621334106145474	8.03347206852798
-0.63	8.619537370815843	7.822113243693552
-0.625	8.617523451730213	7.6145640586088135
-0.62	8.61526932473459	7.410838315650905
-0.615	8.61274996235027	7.210945051925133
-0.61	8.609938214852258	7.01488849793524
-0.605	8.606804691048124	6.822668395482506
-0.6	8.603317639719878	6.63428007521157
-0.595	8.599442832801056	6.449714737061269
-0.59	8.595143451472468	6.268959500974799
-0.585	8.590379976469746	6.091997644082641
-0.58	8.585110084003674	5.918808778834012
-0.575	8.579288548797896	5.749369016430379
-0.57	8.57286715584611	5.583651137037945
-0.565	8.565794622580851	5.421624786635986
-0.56	8.558016533225462	5.263256630468851
-0.555	8.549475287168418	5.108510539762906
-0.55	8.540110063252218	4.957347767116858
-0.545	8.529856801905325	4.809727106414833
-0.54	8.518648207063038	4.665605092102861
-0.535	8.506413769819329	4.524936130839203
-0.53	8.493079815724812	4.387672691326629
-0.525	8.478569577593603	4.2537654713462
-0.52	8.462803295602933	4.123163543659844
-0.515	8.445698346361597	3.99581452745446
-0.51	8.4271694024862	3.871664739721737
-0.505	8.407128624056238	3.7506593585085195
-0.5	8.385485883120147	3.632742563063911
-0.495	8.362149022194306	3.517857680469963
-0.49	8.337024147436065	3.4059473338461905
-0.485	8.310015956881063	3.2969535956144935
-0.48	8.28102810381562	3.190818093720779
-0.475	8.249963595009092	3.0874821710249836
-0.47	8.216725223161072	2.986887013129052
-0.465	8.181216032527255	2.8889737471860544
-0.46	8.14333981627944	2.7936835836110725
-0.455	8.103001643733554	2.7009579395815666
-0.45	8.060108415149532	2.610738541046492
-0.445	8.014569441373384	2.522967523194332
-0.44	7.966297045160526	2.437587537151128
-0.435	7.915207180596197	2.354541843263022
-0.43	7.861220066619936	2.2737744228786387
-0.425	7.804260830272639	2.195230029225255
-0.42	7.744260154923643	2.11885429671149
-0.415	7.681154928407432	2.0445937967739938
-0.41	7.614888885711885	1.9723961155531105
-0.405	7.545413240618063	1.9022099157738719
-0.4	7.472687300501429	1.8339849912166961
-0.395	7.396679058371438	1.7676723148314561
-0.39	7.3173657561550165	1.70322408058522
-0.385	7.234734413224034	1.6405937424891366
-0.38	7.148782314230462	1.5797360391224429
-0.375	7.059517450447888	1.520607024273825
-0.37	6.966958909025943	1.4631640759733036
-0.365	6.871137204845398	1.4073659072850693
-0.36	6.772094550015208	1.3531725710098375
-0.355	6.6698850564775	1.3005454504270162
-0.35	6.5645748676784965	1.249447254962444
-0.345	6.456242215818809	1.1998419967686547
-0.34	6.344977401818129	1.151694974746882
-0.335	6.23088269577197	1.1049727410258545
-0.33	6.114072156439663	1.059643067104795
-0.325	5.994671368990926	1.0156749058764754
-0.32	5.872817101065407	0.9730383471483341
-0.315	5.748656877971622	0.9317045673625196
-0.31	5.622348478664162	0.8916457802413728
-0.305	5.494059354940731	0.8528351779697901
-0.3	5.363965977091948	0.8152468719654199
-0.295	5.232253110004994	0.7788558329230735
-0.29	5.099113024456862	0.7436378277676988
-0.285	4.964744649023788	0.7095693518055618
-0.28	4.829352668670655	0.6766275649248572
-0.275	4.69314657665874	0.6447902236661789
-0.27	4.556339686793847	0.6140356210864374
-0.265	4.419148114291997	0.584342512448735
-0.26	4.281789731421728	0.555690057352035
-0.255	4.144483108382088	0.5280577561879615
-0.25	4.007446446033779	0.5014253897608728
-0.245	3.8708965095345036	0.47577296235672617
-0.24	3.7350475711146123	0.4510806494257131
-0.235	3.600110370209234	0.4273287423626221
-0.23	3.4662910989387434	0.4044976074203799
-0.225	3.333790420614149	0.38256763960825346
-0.22	3.202802528542437	0.36151922487669114
-0.215	3.073514251924917	0.34133270723843145
-0.21	2.9461042150861543	0.3219883588324651
-0.205	2.820742055651409	0.30346635621583484
-0.2	2.6975877066107183	0.2857467610471435
-0.195	2.5767907464890443	0.26880950433033135
-0.19	2.4584898210774115	0.25263437769963704
-0.185	2.342812139397609	0.23720102719227823
-0.18	2.2298730457722784	0.2224889542742419
-0.175	2.119775669069116	0.2084775162811992
-0.17	2.012610649392042	0.19514593676990055
-0.165	1.9084559417143814	0.18247331206578035
-0.16	1.807376695199517	0.1704386333112936
-0.155	1.7094252062426534	0.159020798244878
-0.15	1.6146409426021664	0.1481986337333452
-0.145	1.5230506353784066	0.13795091929944828
-0.14	1.4346684350488563	0.12825641167578022
-0.135	1.349496127286942	0.1190938711338449
-0.13	1.267523403882885	0.11044209083649711
-0.125	1.1887281837515995	0.10227992489035519
-0.12	1.1130769787580919	0.0945863185580278
-0.115	1.0405252989157667	0.0873403379261005
-0.11	0.9710180914177714	0.08052119943220129
-0.105	0.90449020794492	0.07410830069988295
-0.1	0.8408668947535528	0.06808124755023257
-0.095	0.7800643001796997	0.06241988261245116
-0.09	0.7219899943978757	0.05710431218972379
-0.085	0.6665434965386339	0.052114931489615865
-0.08	0.6136168045927728	0.04743244848033626
-0.075	0.5630949239052313	0.043037906360424004
-0.07	0.5148563904811022	0.03891270389601506
-0.065	0.46877378578228174	0.035038614423867014
-0.06	0.42471424017809506	0.03139780278782639
-0.055	0.38253992271871196	0.027972840556709583
-0.05	0.3421085154180304	0.024746719646432692
-0.045	0.30327367075475387	0.0217028642135585
-0.04	0.26588545161852145	0.01882514071247346
-0.035	0.22979075343427383	0.01609786705089121
-0.03	0.19483370868501373	0.01350581988528996
-0.025	0.16085607451355644	0.011034240969815324
-0.02	0.12769760451111903	0.008668842533561994
-0.015	0.0951964061885306	0.006395811792074836
-0.01	0.06318928596897698	0.004201814753549692
-0.005	0.031512083834715036	0.0020739996580533596
0.0	0.0	0.0
0.005	0.03151208383471507	0.0020320623719685257
0.01	0.06318928596897705	0.00403357429011398
0.015	0.0951964061885306	0.006015427987838858
0.02	0.1276976045111191	0.007988017488077136
0.025	0.16085607451355652	0.009961234537891548
0.03	0.19483370868501373	0.011944463944340268
0.035	0.22979075343427388	0.013946578266254544
0.04	0.2658854516185215	0.015975931862098777
0.045	0.303273670754754	0.018040354130756654
0.05	0.3421085154180304	0.02014714207917967
0.055	0.38253992271871207	0.022303052181571765
0.06	0.42471424017809506	0.024514291626966653
0.065	0.46877378578228196	0.026786508991308848
0.07	0.5148563904811024	0.029124784512580555
0.075	0.5630949239052316	0.03153362005536906
0.08	0.6136168045927735	0.03401692898412091
0.085	0.6665434965386346	0.036578026078692046
0.09	0.7219899943978766	0.03921961773526816
0.095	0.780064300179701	0.04194379271204463
0.1	0.8408668947535543	0.04475201366208549
0.105	0.9044902079449217	0.047645109536905664
0.11	0.9710180914177736	0.050623269437115245
0.115	1.0405252989157694	0.05368603788912699
0.12	1.1130769787580952	0.05683231187878214
0.125	1.1887281837516035	0.06006034051816099
0.13	1.2675234038828895	0.06336772598818276
0.135	1.349496127286947	0.06675142788164358
0.14	1.4346684350488623	0.07020777021709942
0.145	1.5230506353784135	0.07373245092125084
0.15	1.6146409426021675	0.07732055538868607
0.155	1.709425206242654	0.08096657248812286
0.16	1.8073766951995176	0.08466441434216078
0.165	1.908455941714382	0.08840743857780986
0.17	2.012610649392043	0.09218847947631466
0.175	2.1197756690691167	0.09599987190089274
0.18	2.2298730457722793	0.09983348936474977
0.185	2.3428121393976102	0.10368077986813944
0.19	2.4584898210774124	0.1075328072008892
0.195	2.5767907464890447	0.11138029402006464
0.2	2.6975877066107206	0.11521366844566601
0.205	2.8207420556514102	0.11902311350790015
0.21	2.946104215086156	0.12279861854276213
0.215	3.0735142519247804	0.1265300328642705
0.22	3.2028025285422976	0.13020712097378623
0.225	3.333790420614006	0.13381961942738407
0.23	3.4662910989385987	0.1373572938954125
0.235	3.6001103702090878	0.14080999729684954
0.24	3.7350475711144657	0.144167727775579
0.245	3.870896509534356	0.14742068586441684
0.25	4.007446446033632	0.1505593316316405
0.255	4.144483108381944	0.15357443932520445
0.26	4.281789731421585	0.15645715094268625
0.265	4.419148114291857	0.15919902729566315
0.27	4.556339686793712	0.16179209664609867
0.275	4.693146576548363	0.16422889946535366
0.28	4.829352668569514	0.1665025312668277
0.285	4.964744648931341	0.1686025289031689
0.29	5.099113024372566	0.17053566008940435
0.295	5.232253109928317	0.17228444077674548
0.3	5.3639659770223735	0.17384867760400732
0.305	5.494059354877754	0.17522472270944653
0.31	5.6223484786098	0.17640964714665638
0.315	5.74865687792039	0.17740124925028744
0.32	5.872817101019362	0.1781980602916185
0.325	5.994671368949642	0.17879934622357288
0.33	6.1140721564027345	0.1792050987721889
0.335	6.230882695739015	0.17941603251476887
0.34	6.3449774017887846	0.17943356679799152
0.345	6.45624221579362	0.17925980817065792
0.35	6.564574867655397	0.1788975282528566
0.355	6.669885056457075	0.1783501373058377
0.36	6.772094549997189	0.17762165294691548
0.365	6.871137204829537	0.17671666856316676
0.37	6.9669589090120185	0.17564031504352542
0.375	7.059517450435685	0.17439822044308384
0.38	7.148782314219796	0.1729964777241656
0.385	7.234734413214729	0.17144158814224159
0.39	7.317365756146919	0.16974042731171143
0.395	7.396679058364405	0.16790019372477108
0.4	7.472687300495336	0.1659283671168062
0.405	7.545413240612795	0.16383266027844112
0.41	7.614888885707342	0.1616209732869474
0.415	7.6811549284035205	0.1593013481567136
0.42	7.744260154920283	0.15688192414297758
0.425	7.80426083026976	0.15437089491485073
0.43	7.8612200666174745	0.1517764658229562
0.435	7.9152071805940984	0.14910681462681008
0.44	7.966297045158738	0.1463700523551933
0.445	8.014569441371865	0.14357418822775236
0.45	8.060108415148242	0.14072709593077817
0.455	8.103001643732465	0.1378364816657952
0.46	8.143339816278521	0.13490985632082386
0.465	8.181216032526484	0.1319545097485838
0.47	8.216725223160418	0.12897748731428135
0.475	8.249963595008545	0.12598556981824355
0.48	8.281028103815164	0.12298525590362182
0.485	8.310015956880683	0.11998274727360547
0.49	8.337024147435745	0.11698393667683891
0.495	8.36214902219404	0.11399439826399536
0.5	8.385485883119928	0.11101938060739124
0.505	8.407128624056057	0.10806380213857979
0.51	8.42716940248605	0.1051322492923369
0.515	8.445698346361473	0.10222897560281628
0.52	8.46280329560283	0.09935790389670798
0.525	8.478569577593518	0.0965226309191408
0.53	8.493079815724741	0.09372643095622235
0.535	8.506413769819275	0.09097226393200368
0.54	8.518648207062991	0.08826278351044019
0.545	8.52985680190529	0.08560034635081962
0.55	8.540110063252019	0.08298702279011462
0.555	8.549475287168239	0.08042460809344933
0.56	8.5580165332253	0.07791463441521715
0.565	8.565794622580706	0.07545838376895762
0.57	8.572867155845978	0.07305690081790792
0.575	8.579288548797777	0.0707110065825005
0.58	8.585110084003569	0.06842131144216196
0.585	8.590379976469649	0.06618822952421802
0.59	8.595143451472385	0.06401199161765442
0.595	8.599442832800982	0.06189265901979022
0.6	8.603317639719812	0.0598301365296235
0.605	8.606804691048065	0.05782418595298207
0.61	8.609938214852205	0.05587443785646889
0.615	8.612749962350232	0.05398040440559521
0.62	8.61526932473455	0.05214149081582803
0.625	8.617523451730179	0.05035700671250733
0.63	8.619537370815813	0.048626176598993875
0.635	8.621334106145447	0.04694815087019894
0.64	8.62293479631628	0.04532201406689533
0.645	8.624358810233982	0.043746794852077
0.65	8.625623860427522	0.04222147421289087
0.655	8.626746113262282	0.04074499340113882
0.66	8.627740295591424	0.03931626112020548
0.665	8.628619797470787	0.03793416047952087
0.67	8.629396770641923	0.03659755489284783
0.675	8.630082222560647	0.035305294403866525
0.68	8.630686105815006	0.03405622010414535
0.685	8.631217402836437	0.03284916928861579
0.69	8.631684205861458	0.03168297965208294
0.695	8.632093792148602	0.030556493019021604
0.7	8.632452694496553	0.029468558707850673
0.705	8.632766767145085	0.02841803674167485
0.71	8.633041247167096	0.027403800235482164
0.715	8.633280811509994	0.026424737749065935
0.72	8.633489629788603	0.02547975549227368
0.725	8.633671413078433	0.02456777874729945
0.73	8.63382945883653	0.023687753526454615
0.735	8.6339666921679	0.022838647457424064
0.74	8.634085703633	0.02201945117228352
0.745	8.634188783798395	0.021229178766729112
0.75	8.634277954733053	0.020466868532579643
0.755	8.634354998650755	0.019731583306452295
0.76	8.634421483895599	0.019022410783558045
0.765	8.634478788462333	0.01833846361888088
0.77	8.634528121237029	0.017678879588782583
0.775	8.6345705411363	0.017042821322407475
0.78	8.634606974315261	0.016429476329746676
0.785	8.634638229605876	0.01583805663864988
0.79	8.6346650123385	0.015267798643703591
0.795	8.634687936690309	0.014717962586430386
0.8	8.634707536695132	0.014187832258702831
0.805	8.634724276040183	0.01367671449917118
0.81	8.634738556766186	0.013183938783973568
0.815	8.634750726978648	0.01270885660570974
0.82	8.634761087669721	0.012250841220739385
0.825	8.63476989874186	0.011809287660391216
0.83	8.634777384197122	0.011383607817715588
0.835	8.6347837373083	0.01097323909006816
0.84	8.634789123934764	0.010577634539522127
0.845	8.634793686668862	0.010196266963015631
0.85	8.634797547837614	0.00982862743439166
0.855	8.634800812251976	0.009474224739441156
0.86	8.63480356960468	0.009132584762750742
0.865	8.63480589655813	0.008803250131614818
0.87	8.634807858559466	0.008485779460816422
0.875	8.63480951141591	0.008179746963400913
0.88	8.634810902659936	0.007884741914929277
0.885	8.63481207273044	0.007600368119297975
0.89	8.63481305599318	0.007326243469888399
0.895	8.634813881621039	0.007061999455765251
0.9	8.634814574352239	0.00680728068600255
0.905	8.634815155142507	0.006561744452960823
0.91	8.634815641725202	0.006325060290620735
0.915	8.634816049091745	0.006096909547437686
0.92	8.634816389903131	0.005876984985732525
0.925	8.634816674841916	0.005664990359830755
0.93	8.634816912912921	0.005460640054702037
0.935	8.634817111699757	0.005263658720559667
0.94	8.63481727758344	0.005073780843869628
0.945	8.63481741592841	0.0048907504931430925
0.95	8.63481753124064	0.0047143209121269436
0.955	8.634817627301933	0.004544254228622445
0.96	8.634817707283714	0.0043803211025089574
0.965	8.634817773843505	0.004222300463255808
0.97	8.634817829205538	0.004069979179739883
0.975	8.634817875234488	0.003923151775263035
0.98	8.634817913484198	0.003781620242185513
0.985	8.634817945256296	0.0036451936254195535
0.99	8.634817971636812	0.003513687877488
0.995	8.6348179935899	0.0033869255682635394
1.0	8.634818011697567	0.003264735671912865
1.005	8.634818026763401	0.003146953327293105
1.01	8.634818039254132	0.0030334195744788784
1.015	8.63481804960652	0.002923981201417139
1.02	8.634818058183988	0.002818490579396597
1.025	8.634818065288748	0.002716805295410855
1.03	8.63481807117202	0.002618788133351329
1.035	8.634818076042533	0.002524306810426014
1.04	8.634818080073618	0.0024332337993150863
1.045	8.634818083409176	0.002345446181432976
1.05	8.6348180861686	0.002260825465379213
1.055	8.634818088450935	0.00217925743707446
1.06	8.634818090338296	0.002100631988455115
1.065	8.634818091898754	0.00202484299248831
1.07	8.634818093188715	0.001951788134775515
1.075	8.634818094254895	0.0018813688033842784
1.08	8.634818095135984	0.0018134899342275505
1.085	8.634818095864016	0.0017480598938509242
1.09	8.6348180964655	0.001684990351439344
1.095	8.634818096962379	0.0016241961614455785
1.1	8.634818097372795	0.0015655952482497484
1.105	8.634818097711758	0.0015091084968941854
1.11	8.634818097991683	0.0014546596451205306
1.115	8.634818098222835	0.0014021751798310581
1.12	8.634818098413737	0.001351584236519775
1.125	8.634818098571305	0.0013028185157721002
1.13	8.634818098701386	0.0012558121805020964
1.135	8.634818098808763	0.0012105017461848603
1.14	8.63481809889742	0.0011668260441467819
1.145	8.634818098970594	0.0011247261042961617
1.15	8.634818099030989	0.0010841450743177125
1.155	8.63481809908084	0.0010450281644741669
1.16	8.634818099121983	0.0010073225553575856
1.165	8.634818099155938	0.0009709773354388395
1.17	8.63481809918396	0.000935943423456361
1.175	8.634818099207086	0.0009021735167866151
1.18	8.634818099226171	0.0008696220125101263
1.185	8.63481809924192	0.0008382449564720126
1.19	8.634818099254916	0.0008079998739513192
1.195	8.634818099300276	0.000778846240752541
1.2	8.634818099305658	0.0007507443711670007
1.205	8.63481809930959	0.000723656422180964
1.21	8.634818099312408	0.0006975458145299968
1.215	8.634818099314387	0.000672377288718469
1.22	8.63481809931573	0.0006481168554452692
1.225	8.634818099316602	0.0006247317542767727
1.23	8.634818099317137	0.0006021904047624792
1.235	8.634818099317428	0.0005804623663016597
1.24	8.634818099317553	0.000559518296257185
1.245	8.634818099317561	0.0005393299154418826
1.25	8.6348180993175	0.0005198699494224638
1.255	8.634818099317389	0.0005011121238714806
1.26	8.634818099317261	0.00048303110494179964
1.265	8.634818099317126	0.00046560247530174156
1.27	8.634818099316993	0.0004488026979627284
1.275	8.634818099316865	0.0004326090817882835
1.28	8.634818099316751	0.0004169997583426633
1.285	8.634818099316652	0.0004019536465314685
1.29	8.634818099316563	0.00038745042533677975
1.295	8.63481809931649	0.0003734705070922356
1.3	8.634818099316428	0.00035999505282026514
1.305	8.634818099316375	0.00034700573720124325
1.31	8.63481809931633	0.00033448514281532015
1.315	8.634818099316297	0.0003224163172007706
1.32	8.634818099316266	0.0003107829600315234
1.325	8.63481809931624	0.0002995693590872984
1.33	8.634818099316217	0.0002887603690548927
1.335	8.634818099316194	0.00027834139141743447
1.34	8.634818099316172	0.00026829835345906354
1.345	8.634818099316139	0.0002586176918886432
1.35	8.634818099316103	0.0002492863295967103
1.355	8.634818099316057	0.0002402916632673941
1.36	8.634818099315998	0.00023162154528672796
1.365	8.634818099315922	0.00022326426485341577
1.37	8.634818099315819	0.0002152085343867482
1.375	8.634818099315678	0.0002074434731411832
1.38	8.634818099315492	0.00019995859325042806
1.385	8.634818099315247	0.0001927437850934074
1.39	8.63481809931492	0.00018578930377254746
1.395	8.63481809931449	0.00017908575628314052
1.4	8.634818099313918	0.00017262408825937295
1.405	8.634818099313167	0.00016639557208780135
1.41	8.63481809931218	0.00016039179543500277
1.415	8.634818099310886	0.0001546046488489228
1.42	8.634818099309197	0.00014902631576558078
1.425	8.634818099306994	0.00014364926219535113
1.43	8.634818099304127	0.0001384662249681663
1.435	8.634818099300409	0.00013347020265759254
1.44	8.634818099295599	0.00012865444935609649
1.445	8.634818099289392	0.00012401245978153127
1.45	8.634818099281393	0.0001195379637160591
1.455	8.634818099271126	0.00011522491809003562
1.46	8.634818099257979	0.00011106749732537413
1.465	8.634818099241182	0.00010706008601546559
1.47	8.634818099219782	0.00010319727162298845
1.475	8.634818099192593	9.947383679883106e-5
1.48	8.634818099158142	9.588475258289113e-5
1.485	8.634818099114618	9.242517110635815e-5
1.49	8.634818099059782	8.90904198258596e-5
1.495	8.634818098990902	8.587599457802871e-5
1.5	8.634818098904633	8.277755382206661e-5
1.505	8.63481809879692	7.979091260865762e-5
1.51	8.634818098662855	7.69120370924388e-5
1.515	8.634818098496526	7.413703895499545e-5
1.52	8.63481809829085	7.14621700450143e-5
1.525	8.634818098037394	6.888381752013453e-5
1.53	8.634818097726157	6.639849902899953e-5
1.535	8.634818097345372	6.40028579015117e-5
1.54	8.63481809688127	6.169365846578874e-5
1.545	8.634818096317872	5.946778179317241e-5
1.55	8.634818095636785	5.732222162139428e-5
1.555	8.634818099330301	5.525408001254076e-5
1.56	8.634818099332557	5.326056386808946e-5
1.565	8.634818099335067	5.1338980546159204e-5
1.57	8.634818099337826	4.94867348012886e-5
1.575	8.634818099340823	4.7701324889674764e-5
1.58	8.634818099344026	4.598033961182977e-5
1.585	8.634818099347395	4.4321454563080215e-5
1.59	8.63481809935086	4.272242916294584e-5
1.595	8.634818099316238	4.118110405940666e-5
1.6	8.634818099316236	3.969539732623167e-5
1.605	8.634818099316234	3.8263302473887994e-5
1.61	8.634818099316233	3.688272007048123e-5
1.615	8.634818099316234	3.5552281604037785e-5
1.62	8.634818099316234	3.4269694198633e-5
1.625	8.634818099316234	3.303339092548772e-5
1.63	8.634818099316238	3.1841702139806396e-5
1.635	8.63481809931624	3.0693018370224286e-5
1.64	8.634818099316243	2.9585788265983315e-5
1.645	8.634818099316245	2.851851667235278e-5
1.65	8.634818099316243	2.7489761876388035e-5
1.655	8.634818099316256	2.6498134660004575e-5
1.66	8.634818099316263	2.554229580533426e-5
1.665	8.634818099316272	2.4620954411203885e-5
1.67	8.634818099316245	2.3732866198780142e-5
1.675	8.634818099316245	2.2876831771249484e-5
1.68	8.634818099316245	2.2051695915871705e-5
1.685	8.634818099316245	2.1256342297946753e-5
1.69	8.634818099316245	2.0489697916699916e-5
1.695	8.634818099316245	1.9750727366348856e-5
1.7	8.634818099316245	1.903843269133201e-5
1.705	8.634818099316245	1.8351851391034755e-5
1.71	8.634818099316245	1.7690057203276812e-5
1.715	8.634818099316245	1.70521556979578e-5
1.72	8.634818099316245	1.6437285475434957e-5
1.725	8.634818099316247	1.5844616106925005e-5
1.73	8.634818099316245	1.527334717502866e-5
1.735	8.634818099316245	1.4722707147354642e-5
1.74	8.634818099316243	1.419195241784658e-5
1.745	8.634818099316247	1.3680366031812578e-5
1.75	8.634818099316249	1.3187257134433025e-5
1.755	8.634818099316243	1.2711959749237897e-5
1.76	8.634818099316245	1.2253831941632847e-5
1.765	8.634818099316245	1.1812254979381467e-5
1.77	8.634818099316245	1.1386632489458911e-5
1.775	8.634818099316245	1.0976389615769961e-5
1.78	8.634818099316245	1.058097227082312e-5
1.785	8.634818099316243	1.0199846418511138e-5
1.79	8.634818099315279	9.832497334914626e-6
1.795	8.634818099316247	9.478428828672472e-6
1.8	8.634818099316245	9.137162723805809e-6
1.805	8.634818099316245	8.80823808548009e-6
1.81	8.634818099316247	8.491210689727082e-6
1.815	8.634818099315297	8.185652338697344e-6
1.82	8.634818099316247	7.891150334510038e-6
1.825	8.634818099316245	7.6073069211657635e-6
1.83	8.634818099316247	7.333738726119871e-6
1.835	8.634818099316247	7.070076264872639e-6
1.84	8.634818099316243	6.815659399545992e-6
1.845	8.634818099316245	6.571056991334385e-6
1.85	8.634818099316245	6.335026173687897e-6
1.855	8.634818099316249	6.107552193265716e-6
1.86	8.634818099316245	5.888327808887993e-6
1.865	8.634818099316245	5.677056925588435e-6
1.87	8.634818099316245	5.47345418378806e-6
1.875	8.634818099316245	5.277244586978125e-6
1.88	8.634818099316245	5.088163120277152e-6
1.885	8.634818099316245	4.90595439830278e-6
1.89	8.634818099316247	4.730372307860275e-6
1.895	8.634818099316245	4.561179704295503e-6
1.9	8.634818099316245	4.398148048694016e-6
1.905	8.634818099316245	4.241057147860097e-6
1.91	8.634818099316245	4.0896948101619015e-6
1.915	8.634818099316245	3.943856590293182e-6
1.92	8.634818099316245	3.8033454950880656e-6
1.925	8.634818099316243	3.667971735436493e-6
1.93	8.634818099316245	3.537552464161722e-6
1.935	8.634818099316245	3.4119115055450733e-6
1.94	8.634818099316274	3.2908791574341376e-6
1.945	8.634818099316263	3.1742919321173714e-6
1.95	8.634818099316254	3.0619923453958343e-6
1.955	8.63481809931625	2.9538287088988256e-6
1.96	8.634818099316245	2.849654912883065e-6
1.965	8.634818099316243	2.7493302406526305e-6
1.97	8.63481809931624	2.6527191862927074e-6
1.975	8.634818099316236	2.559691222225271e-6
1.98	8.634818099316236	2.470120696603122e-6
1.985	8.634818099316234	2.3838866173847814e-6
1.99	8.634818099316236	2.300872492976553e-6
1.995	8.634818099316236	2.2209661868558056e-6
2.0	8.634818099316236	2.1440597597316766e-6
2.005	8.634818099316236	2.0700493174413276e-6
2.01	8.634818099316236	1.9988348945890733e-6
2.015	8.634818099316236	1.930320283117675e-6
2.02	8.63481809931624	1.8644129303298177e-6
2.025	8.63481809931624	1.8010238062559443e-6
2.03	8.634818099316238	1.7400672831870847e-6
2.035	8.634818099316242	1.6814610161835812e-6
2.04	8.634818099316242	1.6251258405428501e-6
2.045	8.634818099316242	1.5709856562987167e-6
2.05	8.634818099316242	1.518967328468375e-6
2.055	8.634818099316242	1.4690005913081836e-6
2.06	8.634818099316242	1.421017943089873e-6
2.065	8.634818099316242	1.3749545750206073e-6
2.07	8.634818099316245	1.3307482628353473e-6
2.075	8.634818099316243	1.2883392913250795e-6
2.08	8.634818099316243	1.2476703699112634e-6
2.085	8.634818099316243	1.2086865796459948e-6
2.09	8.634818099316243	1.1713352528436966e-6
2.095	8.634818099316245	1.1355659417778524e-6
2.1	8.634818099316243	1.1013303292734933e-6
2.105	8.634818099316243	1.06858217634912e-6
2.11	8.634818099316245	1.0372772448343476e-6
2.115	8.634818099316243	1.0073732615841105e-6
2.12	8.634818099316245	9.788298304492132e-7
2.125	8.634818099316245	9.51608400116519e-7
2.13	8.634818099316243	9.256722050655618e-7
2.135	8.634818099316245	9.009862171681987e-7
2.14	8.634818099316243	8.775170946737265e-7
2.145	8.634818099316243	8.552331424527986e-7
2.15	8.634818099316243	8.341042649422067e-7
2.155	8.634818099316243	8.141019276876024e-7
2.16	8.634818099316245	7.951991172111907e-7
2.165	8.63481809931624	7.773703064172749e-7
2.17	8.634818099316245	7.605914178117169e-7
2.175	8.634818099316243	7.448397932983915e-7
2.18	8.634818099316245	7.300941630487217e-7
2.185	8.634818099316243	7.163346116087848e-7
2.19	8.634818099316242	7.035425591770866e-7
2.195	8.634818099316245	6.917007332062451e-7
2.2	8.634818099316245	6.807931431723136e-7
2.205	8.634818099316243	6.70805060382709e-7
2.21	8.634818099316243	6.617229982823912e-7
2.215	8.634818099316242	6.535346936944269e-7
2.22	8.634818099316243	6.462290899831854e-7
2.225	8.634818099316243	6.397963258063636e-7
2.23	8.634818099316245	6.342277103377787e-7
2.235	8.634818099316243	6.295157276635442e-7
2.24	8.634818099316245	6.25654015873392e-7
2.245	8.634818099316247	6.226373610502311e-7
2.25	8.634818099316243	6.204616901916819e-7
2.255	8.634818099316243	6.191240698420927e-7
2.26	8.634818099316243	6.186226922490612e-7
2.265	8.634818099316245	6.189568721456803e-7
2.27	8.634818099316243	6.201270746816438e-7
2.275	8.634818099316243	6.221348751409819e-7
2.28	8.634818099316245	6.249829847962041e-7
2.285	8.634818099316243	6.286752500838424e-7
2.29	8.634818099316247	6.332166559126246e-7
2.295	8.634818099316245	6.386133366686645e-7
2.3	8.634818099316245	6.448725740619742e-7
2.305	8.634818099316245	6.520028285353349e-7
2.31	8.634818099316243	6.60013726993942e-7
2.315	8.634818099316245	6.68916079310289e-7
2.32	8.634818099316245	6.787219082587184e-7
2.325	8.634818099316243	6.89444457992632e-7
2.33	8.634818099316245	7.010982056556001e-7
2.335	8.634818099316245	7.136988869289307e-7
2.34	8.634818099316245	7.272635162652653e-7
2.345	8.634818099316245	7.418104060188778e-7
2.35	8.634818099316245	7.573592074921846e-7
2.355	8.634818099316245	7.739309128624035e-7
2.36	8.634818099316245	7.915478958063253e-7
2.365	8.634818099316245	8.102339511582419e-7
2.37	8.634818099316245	8.300143097056603e-7
2.375	8.634818099316243	8.509156821136639e-7
2.38	8.634818099316243	8.729662932489183e-7
2.385	8.634818099316242	8.961959199562489e-7
2.39	8.63481809931624	9.20635932594197e-7
2.395	8.634818099316242	9.463193350287895e-7
2.4	8.63481809931624	9.73280810709619e-7
2.405	8.634818099316242	1.0015567726476706e-6
2.41	8.634818099316238	1.0311854048181648e-6
2.415	8.634818099316238	1.0622067218373686e-6
2.42	8.634818099316236	1.0946626185688824e-6
2.425	8.634818099316236	1.1285969265218555e-6
2.43	8.634818099316236	1.1640554784008504e-6
2.435	8.634818099316236	1.2010861592208712e-6
2.44	8.634818099316238	1.2397389818334838e-6
2.445	8.634818099316236	1.2800661552841215e-6
2.45	8.634818099316238	1.3221221485100234e-6
2.455	8.634818099316242	1.3659637544498793e-6
2.46	8.634818099316245	1.4116501894991235e-6
2.465	8.634818099316247	1.4592431617002685e-6
2.47	8.634818099316245	1.5088069534305847e-6
2.475	8.634818099316258	1.5604085101913724e-6
2.48	8.634818099316265	1.6141175297633455e-6
2.485	8.634818099316274	1.6700065572697023e-6
2.49	8.634818099316247	1.7281510828739773e-6
2.495	8.634818099316245	1.7886296466638279e-6
2.5	8.634818099316243	1.8515238958744274e-6
2.505	8.634818099316243	1.9169188605848077e-6
2.51	8.634818099316243	1.9849028375212546e-6
2.515	8.634818099316245	2.0555676557441197e-6
2.52	8.634818099316243	2.1290087669133816e-6
2.525	8.634818099316245	2.2053253706647123e-6
2.53	8.634818099316243	2.284620556506234e-6
2.535	8.634818099316243	2.3670014333551363e-6
2.54	8.634818099316243	2.452579276111707e-6
2.545	8.634818099316243	2.541469684600265e-6
2.55	8.634818099316243	2.633792943068189e-6
2.555	8.634818099316243	2.729673341677211e-6
2.56	8.634818099316245	2.8292405928966642e-6
2.565	8.634818099316243	2.9326291891563703e-6
2.57	8.634818099316249	3.0399787762768284e-6
2.575	8.634818099316242	3.15143436978261e-6
2.58	8.634818099316243	3.2671462140179263e-6
2.585	8.634818099316243	3.3872711892131166e-6
2.59	8.634818099316243	3.5119712683439754e-6
2.595	8.634818099316243	3.6414148859669945e-6
2.6	8.634818099316243	3.775776883451387e-6
2.605	8.634818099316243	3.915238736260381e-6
2.61	8.634818099315254	4.0599888473496814e-6
2.615	8.634818099316245	4.210222700386703e-6
2.62	8.634818099316243	4.366143227164848e-6
2.625	8.634818099316245	4.5279610258145425e-6
2.63	8.634818099316242	4.695894663080474e-6
2.635	8.634818099315316	4.870170959595588e-6
2.64	8.634818099316245	5.051025294869377e-6
2.645	8.634818099316242	5.238701943465969e-6
2.65	8.634818099316243	5.433454394105341e-6
2.655	8.634818099316243	5.635545687646537e-6
2.66	8.634818099316243	5.845248770862506e-6
2.665	8.634818099316243	6.062846881771971e-6
2.67	8.634818099316243	6.288633903915367e-6
2.675	8.63481809931625	6.522914796756126e-6
2.68	8.634818099316245	6.7660059784440456e-6
2.685	8.634818099316245	7.01823577423742e-6
2.69	8.634818099316243	7.279944842024086e-6
2.695	8.634818099316243	7.551486723810937e-6
2.7	8.634818099316242	7.833228034002855e-6
2.705	8.634818099316243	8.125549346410833e-6
2.71	8.634818099316243	8.428845447082586e-6
2.715	8.634818099316243	8.74352601144531e-6
2.72	8.634818099316245	9.070016057882894e-6
2.725	8.634818099316245	9.408756486184803e-6
2.73	8.634818099316245	9.760204808904663e-6
2.735	8.634818099316245	1.0124835726010649e-5
2.74	8.634818099316243	1.0503141685679335e-5
2.745	8.634818099316245	1.0895633628201579e-5
2.75	8.634818099316242	1.1302841670282908e-5
2.755	8.634818099316282	1.172531577840854e-5
2.76	8.63481809931627	1.2163626550202776e-5
2.765	8.634818099316263	1.2618365979242732e-5
2.77	8.634818099316254	1.3090148243365402e-5
2.775	8.63481809931625	1.3579610542792982e-5
2.78	8.634818099316245	1.4087413958884933e-5
2.785	8.634818099316242	1.4614244332434013e-5
2.79	8.634818099316238	1.5160813218401973e-5
2.795	8.634818099316236	1.5727858838035896e-5
2.8	8.634818099316236	1.6316147055044334e-5
2.805	8.634818099316234	1.6926472444914682e-5
2.81	8.634818099316236	1.7559659332834527e-5
2.815	8.634818099316238	1.8216562937610426e-5
2.82	8.634818099316236	1.8898070485080067e-5
2.825	8.634818099316238	1.9605102456079644e-5
2.83	8.634818099316238	2.0338613798916323e-5
2.835	8.634818099350221	2.10995952571056e-5
2.84	8.634818099346763	2.18890746435912e-5
2.845	8.634818099343423	2.270811826765444e-5
2.85	8.634818099340254	2.3557832356668746e-5
2.855	8.634818099337302	2.4439364639704933e-5
2.86	8.634818099334586	2.5353905738809497e-5
2.865	8.634818099332124	2.6302690879775518e-5
2.87	8.634818099329912	2.7287001561613873e-5
2.875	8.634818095771957	2.8308167237844945e-5
2.88	8.634818096429878	2.936756714923472e-5
2.885	8.634818096973683	3.04666321989502e-5
2.89	8.634818097421315	3.1606846691308375e-5
2.895	8.634818097788319	3.2789750892633155e-5
2.9	8.634818098088086	3.4016942412406774e-5
2.905	8.634818098332042	3.5290078930549775e-5
2.91	8.634818098529882	3.661087965601114e-5
2.915	8.634818098689776	3.798112870383716e-5
2.92	8.63481809881858	3.9402676765387817e-5
2.925	8.634818098921999	4.087744384940574e-5
2.93	8.634818099004786	4.240742163410627e-5
2.935	8.634818099070849	4.399467680707478e-5
2.94	8.634818099123413	4.5641352973025624e-5
2.945	8.634818099165111	4.734967425367008e-5
2.95	8.634818099198098	4.912194799051232e-5
2.955	8.63481809922412	5.09605675433928e-5
2.96	8.634818099244592	5.2868016289054736e-5
2.965	8.634818099260652	5.484687039203578e-5
2.97	8.634818099273218	5.68998021399719e-5
2.975	8.634818099283024	5.902958469430775e-5
2.98	8.634818099290658	6.12390940938602e-5
2.985	8.634818099296584	6.35313144544976e-5
2.99	8.634818099301174	6.590934144688462e-5
2.995	8.63481809930472	6.837638673576038e-5
3.0	8.634818099307452	7.093578189842238e-5
3.005	8.634818099309554	7.35909832982698e-5
3.01	8.634818099311163	7.63455772341414e-5
3.015	8.634818099312396	7.920328302754931e-5
3.02	8.634818099313337	8.21679601498208e-5
3.025	8.634818099314057	8.524361219294511e-5
3.03	8.634818099314604	8.843439248587571e-5
3.035	8.634818099315018	9.174460992541507e-5
3.04	8.634818099315334	9.517873445277512e-5
3.045	8.634818099315575	9.874140341682354e-5
3.05	8.634818099315758	0.00010243742788267202
3.055	8.6348180993159	0.00010627179820344416
3.06	8.634818099316014	0.00011024969218823026
3.065	8.634818099316103	0.00011437648104096515
3.07	8.63481809931618	0.00011865773691441641
3.075	8.634818099316247	0.0001230992408952413
3.08	8.634818099316306	0.00012770699015164557
3.085	8.634818099316373	0.00013248720553254035
3.09	8.634818099316437	0.00013744634122762542
3.095	8.634818099316512	0.00014259109317169946
3.1	8.634818099316599	0.0001479284073984067
3.105	8.6348180993167	0.0001534655066835389
3.11	8.63481809931682	0.00015920983325380206
3.115	8.634818099316966	0.00016516915912110586
3.12	8.634818099317146	0.00017135152925260784
3.125	8.634818099317362	0.00017776529060404314
3.13	8.634818099317624	0.0001844190846631612
3.135	8.634818099317938	0.00019132192777990595
3.14	8.634818099318315	0.00019848312169249864
3.145	8.634818099318768	0.00020591233419930516
3.15	8.634818099319306	0.0002136195881306261
3.155	8.634818099319947	0.00022161529800251281
3.16	8.634818099320704	0.0002299102520878436
3.165	8.634818099321592	0.000238515647404953
3.17	8.63481809932263	0.0002474431001523499
3.175	8.634818099323835	0.00025670466007932986
3.18	8.634818099325228	0.0002663128283800522
3.185	8.634818099326827	0.0002762805745930425
3.19	8.634818099328648	0.0002866213515166577
3.195	8.634818099330705	0.00029734911669664885
3.2	8.63481809933301	0.000308478348918825
3.205	8.634818099335567	0.0003200240693558224
3.21	8.634818099338371	0.00033200185949409483
3.215	8.634818099341405	0.00034442788492453584
3.22	8.634818099344649	0.000357318915329077
3.225	8.63481809934804	0.00037069234722757676
3.23	8.634818099316238	0.00038456622789896926
3.235	8.634818099316238	0.0003989592796574986
3.24	8.634818099316234	0.00041389092480423236
3.245	8.634818099316234	0.00042938131098109054
3.25	8.634818099316236	0.0004454513140848872
3.255	8.634818099316236	0.0004621226680340869
3.26	8.634818099316236	0.0004794178423428155
3.265	8.634818099316236	0.0004973601722492616
3.27	8.634818099316238	0.0005159738635732062
3.275	8.63481809931624	0.0005352840288419883
3.28	8.634818099316242	0.0005553167181707968
3.285	8.634818099316245	0.000576098954636488
3.29	8.634818099316242	0.0005976587724593685
3.295	8.634818099316258	0.0006200252534074689
3.3	8.634818099316265	0.0006432285696626955
3.305	8.634818099316275	0.0006673000133307699
3.31	8.634818099316243	0.0006922720497917248
3.315	8.634818099316245	0.0007181783554683443
3.32	8.634818099316245	0.0007450538731461612
3.325	8.634818099316245	0.0007729348338571157
3.33	8.634818099316243	0.0008018588364795069
3.335	8.634818099316245	0.0008318648801068173
3.34	8.634818099316245	0.0008629934205677982
3.345	8.634818099316243	0.0008952864233775166
3.35	8.634818099316245	0.0009287874209822778
3.355	8.634818099316245	0.000963541572268723
3.36	8.634818099316243	0.000999595721080595
3.365	8.634818099316243	0.0010369984613424889
3.37	8.634818099316245	0.001075800196773484
3.375	8.634818099316245	0.0011160532170176206
3.38	8.634818099316243	0.0011578117602209935
3.385	8.634818099316243	0.0012011320890734725
3.39	8.634818099316243	0.0012460725609908547
3.395	8.634818099316242	0.0012926937213636155
3.4	8.634818099316243	0.0013410583630794227
3.405	8.634818099316245	0.001391231625091514
3.41	8.634818099316243	0.001443281069694995
3.415	8.634818099316245	0.001497276786983988
3.42	8.634818099316245	0.0015532914727569205
3.425	8.634818099316245	0.0016114005319677513
3.43	8.634818099315233	0.0016716821970697048
3.435	8.634818099316243	0.001734217572445158
3.44	8.634818099316245	0.001799090823361549
3.445	8.634818099316243	0.0018663892341496734
3.45	8.634818099316243	0.0019362033389424896
3.455	8.634818099315337	0.0020086270491623008
3.46	8.634818099316245	0.0020837577614552165
3.465	8.634818099316243	0.002161696497035803
3.47	8.634818099316243	0.0022425480503782437
3.475	8.634818099316245	0.0023264212114513976
3.48	8.634818099316245	0.0024134284463158207
3.485	8.634818099316245	0.0025036867992249885
3.49	8.634818099316242	0.0025973174350881344
3.495	8.634818099316243	0.0026944463013220178
3.5	8.634818099316245	0.0027952037276967015
3.505	8.634818099316243	0.002899724983565775
3.51	8.634818099316243	0.0030081503638919108
3.515	8.634818099316245	0.003120625364703939
3.52	8.634818099316245	0.003237300878425908
3.525	8.634818099316245	0.003358333401752279
3.53	8.634818099316243	0.003483885216294105
3.535	8.634818099316245	0.0036141246281907887
3.54	8.634818099316245	0.003749226187896425
3.545	8.634818099316247	0.003889370938908101
3.55	8.634818099316245	0.0040347464658281335
3.555	8.634818099316245	0.004185547469049995
3.56	8.634818099316245	0.0043419756807715724
3.565	8.634818099316243	0.004504240612392769
3.57	8.634818099316243	0.004672559169873577
3.575	8.634818099316282	0.004847156416831625
3.58	8.634818099316272	0.00502826570031592
3.585	8.634818099316263	0.005216129003386048
3.59	8.634818099316243	0.0054109971691549885
3.595	8.634818099316242	0.005613130342621455
3.6	8.634818099316245	0.00582279822432034
3.605	8.63481809931624	0.006040280441209575
3.61	8.63481809931624	0.006265866904007561
3.615	8.634818099316238	0.006499858041254642
3.62	8.63481809931624	0.00674256591751399
3.625	8.634818099316236	0.006994313133324331
3.63	8.63481809931624	0.007255434666728898
3.635	8.634818099316236	0.00752627782188265
3.64	8.634818099316238	0.007807202431528932
3.645	8.634818099316236	0.008098581549187906
3.65	8.63481809931624	0.008400801891123352
3.655	8.634818099316242	0.008714264272625402
3.66	8.63481809931624	0.009039384154292663
3.665	8.63481809931624	0.009376592166441872
3.67	8.634818099316242	0.00972633437073545
3.675	8.634818099316242	0.010089073748145164
3.68	8.63481809931624	0.010465289457247376
3.685	8.634818099316243	0.01085547826031197
3.69	8.634818099316243	0.011260155165874862
3.695	8.634818099316243	0.011679853184821495
3.7	8.634818099316245	0.012115125283958663
3.705	8.634818099316245	0.012566543388657996
3.71	8.634818099316245	0.013034702474935177
3.715	8.634818099316243	0.013520216605441157
3.72	8.634818099316243	0.014023722734155109
3.725	8.634818099316243	0.014545880681756376
3.73	8.634818099316243	0.01508737404868886
3.735	8.634818099316245	0.015648910804026715
3.74	8.634818099316243	0.01623122433066083
3.745	8.634818099316245	0.01683507424761526
3.75	8.634818099316243	0.017461247217842025
3.755	8.634818099316245	0.018110557940590508
3.76	8.634818099316243	0.01878385003410394
3.765	8.634818099316245	0.019481997082588194
3.77	8.634818099316243	0.02020590360875526
3.775	8.634818099316242	0.020956506050720393
3.78	8.634818099316245	0.021734773891182592
3.785	8.634818099316245	0.022541710699597144
3.79	8.634818099316243	0.023378355277322016
3.795	8.634818099316243	0.024245782851258484
3.8	8.63481809931625	0.02514510613818139
3.805	8.634818099316243	0.02607747665992238
3.81	8.634818099316243	0.02704408595247834
3.815	8.634818099316243	0.028046166907323977
3.82	8.634818099316243	0.029084994965181132
3.825	8.634818099316243	0.030161890099130853
3.83	8.634818099316243	0.0312782159587881
3.835	8.634818099316242	0.032435384598365584
3.84	8.634818099316243	0.03363485575706844
3.845	8.634818099316243	0.03487813878445309
3.85	8.634818099316243	0.03616679639078625
3.855	8.634818099316243	0.037502437596282016
3.86	8.634818099316245	0.03888673212717471
3.865	8.634818099316242	0.04032140373371339
3.87	8.634818099316242	0.04180823349024932
3.875	8.634818099316242	0.043349061839005325
3.88	8.634818099316242	0.04494579022119744
3.885	8.634818099316243	0.046600382762790306
3.89	8.634818099316243	0.04831486814363562
3.895	8.634818099316245	0.05009134123368014
3.9	8.634818099316243	0.051931965221866404
3.905	8.634818099316247	0.05383897322606561
3.91	8.634818099316243	0.05581467024858125
3.915	8.634818099316242	0.05786143516362094
3.92	8.634818099316245	0.059981722765486294
3.925	8.634818099316243	0.06217806363040302
3.93	8.634818099316243	0.06445307432915504
3.935	8.634818099316243	0.06680944425673353
3.94	8.634818099316243	0.06924995245462323
3.945	8.634818099316243	0.0717774621466003
3.95	8.634818099316245	0.07439492453560283
3.955	8.634818099316245	0.0771053806701498
3.96	8.634818099316243	0.07991196335267221
3.965	8.634818099316243	0.08281789961830885
3.97	8.634818099316243	0.08582651251347087
3.975	8.634818099316243	0.0889412231299247
3.98	8.634818099316243	0.09216555323878377
3.985	8.634818099316245	0.09550312584544486
3.99	8.634818099316243	0.09895766901389848
3.995	8.634818099316245	0.10253301685752061
4.0	8.634818099316245	0.10623311165501327
4.005	8.634818099316243	0.11006200632275431
4.01	8.634818099316243	0.11402386526942683
4.015	8.634818099316243	0.1181229672689514
4.02	8.634818099316242	0.12236370673046952
4.025	8.63481809931624	0.1267505958530288
4.03	8.63481809931624	0.13128826623494128
4.035	8.63481809931624	0.1359814696834835
4.04	8.634818099316238	0.14083508191054148
4.045	8.63481809931624	0.14585410160595094
4.05	8.63481809931624	0.15104365355040922
4.055	8.634818099316238	0.15640898922254418
4.06	8.634818099316238	0.16195548937021167
4.065	8.634818099316238	0.16768866070709235
4.07	8.63481809931624	0.17361414366408784
4.075	8.634818099316238	0.17973770870055691
4.08	8.634818099316238	0.18606525834354853
4.085	8.63481809931624	0.19260282797881093
4.09	8.634818099316242	0.19935658595036124
4.095	8.634818099316242	0.20633283459094284
4.1	8.634818099316242	0.21353800954173197
4.105	8.634818099316245	0.22097868127396372
4.11	8.634818099316243	0.2286615536565567
4.115	8.634818099316263	0.23659346472175566
4.12	8.634818099316268	0.2447813849440851
4.125	8.634818099316277	0.2532324183630926
4.13	8.634818099316247	0.26195380113050304
4.135	8.63481809931625	0.27095289822655566
4.14	8.634818099316247	0.2802372066774711
4.145	8.634818099316247	0.28981435248344795
4.15	8.634818099316247	0.29969208676617964
4.155	8.634818099316247	0.30987828713791105
4.16	8.634818099316247	0.3203809540028875
4.165	8.634818099316247	0.3312082099195369
4.17	8.634818099316247	0.342368295517059
4.175	8.634818099316243	0.3538695675693987
4.18	8.634818099316245	0.36572049819533686
4.185	8.634818099316245	0.3779296696817012
4.19	8.634818099316245	0.3905057716131977
4.195	8.634818099316245	0.4034575990455917
4.2	8.634818099316245	0.4167940485522726
4.205	8.634818099316245	0.4305241122542191
4.21	8.634818099316243	0.44465687884466976
4.215	8.63481809931624	0.45920152617783555
4.22	8.634818099316245	0.4741673192767515
4.225	8.634818099316245	0.4895636046852094
4.23	8.634818099316243	0.5053998061787676
4.235	8.634818099316245	0.5216854227682958
4.24	8.634818099316243	0.5384300225895251
4.245	8.634818099315433	0.5556432386006475
4.25	8.634818099315211	0.5733347650762863
4.255	8.634818099316243	0.5915143533002021
4.26	8.634818099316243	0.6101918065223966
4.265	8.634818099316245	0.629376975231018
4.27	8.634818099315131	0.6490797543659607
4.275	8.634818099315359	0.6693100789446794
4.28	8.634818099316243	0.6900779187764843
4.285	8.63481809931624	0.7113932763148708
4.29	8.634818099316243	0.733266182218767
4.295	8.634818099316242	0.755706692572672
4.3	8.634818099316243	0.7787248843304173
4.305	8.634818099316243	0.8023308536931921
4.31	8.634818099316238	0.8265347142358301
4.315	8.634818099316247	0.8513465911352018
4.32	8.634818099316242	0.8767766249804738
4.325	8.634818099316242	0.90283496396361
4.33	8.634818099316242	0.929531767388052
4.335	8.634818099316245	0.9568772057653095
4.34	8.634818099316243	0.984881449515776
4.345	8.634818099316242	1.01355468791605
4.35	8.634818099316243	1.0429071137933048
4.355	8.634818099316243	1.0729489342819063
4.36	8.634818099316243	1.1036910681768712
4.365	8.634818099316242	1.1351416428931842
4.37	8.634818099316243	1.167313016528034
4.375	8.634818099316243	1.2002147580594063
4.38	8.634818099316242	1.2338571642894514
4.385	8.634818099316243	1.2682505631948542
4.39	8.634818099316242	1.3034053161625818
4.395	8.634818099316279	1.339331828818786
4.4	8.634818099316268	1.3760405470403148
4.405	8.63481809931626	1.413541977244062
4.41	8.634818099316243	1.4518466819263753
4.415	8.634818099316245	1.490965299436386
4.42	8.634818099316243	1.5309085276045968
4.425	8.634818099316242	1.5716871688539398
4.43	8.63481809931624	1.613312113344794
4.435	8.634818099316238	1.6557943474232637
4.44	8.634818099316236	1.699144981116563
4.445	8.634818099316238	1.7433752384071528
4.45	8.634818099316236	1.7884964815648303
4.455	8.63481809931624	1.8345202119256965
4.46	8.634818099316236	1.8814580863150092
4.465	8.63481809931624	1.9293219211872588
4.47	8.63481809931624	1.9781237124833713
4.475	8.634818099349571	2.027875627428319
4.48	8.634818099346129	2.0785900361856418
4.485	8.634818099342814	2.1302794982772313
4.49	8.634818099339682	2.182956793203676
4.495	8.634818099336774	2.2366349136755606
4.5	8.634818099334108	2.2913270797669703
4.505	8.634818099331694	2.347046743372236
4.51	8.634818099329523	2.403807592229069
4.515	8.6348180993276	2.461623562683405
4.52	8.634818099325905	2.5205088334310517
4.525	8.634818099324423	2.5804778396323087
4.53	8.634818099323141	2.6415452676645637
4.535	8.634818099322029	2.7037260620308636
4.54	8.634818099321079	2.7670354111175177
4.545	8.634818099320267	2.831488769533432
4.55	8.634818099319576	2.897101829953191
4.555	8.634818099318997	2.9638905344498756
4.56	8.634818099318505	3.031871068848254
4.565	8.634818099318098	3.101059851520985
4.57	8.634818099317757	3.1714735014687774
4.575	8.634818099317474	3.243128870147976
4.58	8.634818099317243	3.316042999504398
4.585	8.63481809931705	3.3902331048707457
4.59	8.634818099316893	3.4657165780288115
4.595	8.634818099316766	3.5425109602673213
4.6	8.634818099316663	3.620633897507659
4.605	8.634818099316577	3.700103162690125
4.61	8.634818099316512	3.780936596507024
4.615	8.634818099316458	3.863152102388181
4.62	8.634818099316416	3.9467676051583798
4.625	8.634818099316377	4.031801024135384
4.63	8.634818099316357	4.118270248611783
4.635	8.634818099316337	4.2061930935697065
4.64	8.634818099316327	4.295587274889662
4.645	8.634818099316323	4.38647036813788
4.65	8.634818099316323	4.478859767168216
4.655	8.634818099316332	4.572772661131225
4.66	8.634818099316348	4.668225969830689
4.665	8.634818099316371	4.765236316905172
4.67	8.63481809931641	4.8638199842657075
4.675	8.634818099316465	4.96399286050944
4.68	8.634818099316538	5.065770408289673
4.685	8.63481809931664	5.1691676075157496
4.69	8.634818099316778	5.274198910946388
4.695	8.634818099316961	5.380878198628306
4.7	8.634818099317211	5.489218739191701
4.705	8.634818099317544	5.5992331163849975
4.71	8.63481809931799	5.710933201718456
4.715	8.634818099318577	5.824330105539344
4.72	8.634818099319356	5.939434148039568
4.725	8.634818099320396	6.056254694871872
4.73	8.63481809932175	6.17480029055065
4.735	8.634818099323539	6.295078501671306
4.74	8.634818099325885	6.417095884165639
4.745	8.634818099328955	6.540857947860795
4.75	8.63481809933296	6.666369128114483
4.755	8.634818099338172	6.793632668117113
4.76	8.634818099344939	6.922650670302725
4.765	8.634818099353701	7.053424018006174
4.77	8.634818099365019	7.185952340934013
4.775	8.634818099379597	7.32023395877034
4.78	8.634818099398332	7.456265860427647
4.785	8.634818099422342	7.594044610935235
4.79	8.634818099453037	7.733561674869744
4.795	8.634818099492174	7.874812655428006
4.8	8.634818099541947	8.01778797572871
4.805	8.63481809960508	8.162477530951557
4.81	8.634818099684944	8.308869723816693
4.815	8.63481809978571	8.45695143084276
4.82	8.634818099912502	8.606707997002479
4.825	8.634818100071628	8.758123252362665
4.83	8.634818100270781	8.911179451607952
4.835	8.634818099331115	9.06585729042637
4.84	8.634818099333469	9.222135904509594
4.845	8.634818099336071	9.379992860040069
4.85	8.634818099338922	9.53940416921812
4.855	8.634818099342002	9.700344281545432
4.86	8.634818099345274	9.862786105711576
4.865	8.63481809934869	10.026701011849266
4.87	8.63481809931624	10.192059508084926
4.875	8.63481809931624	10.358828590312022
4.88	8.634818099316238	10.52697577953082
4.885	8.634818099316238	10.696465761699525
4.89	8.63481809931624	10.86726391985241
4.895	8.634818099316236	11.03933211316476
4.9	8.634818099316238	11.21263142395634
4.905	8.634818099316238	11.38712198182984
4.91	8.634818099316238	11.562762212297093
4.915	8.634818099316243	11.739509450399433
4.92	8.634818099316242	11.91731983901112
4.925	8.634818099316247	12.096148289961498
4.93	8.634818099316243	12.275948668085483
4.935	8.634818099316263	12.456673794725265
4.94	8.634818099316272	12.63827545225584
4.945	8.634818099316282	12.820704481225896
4.95	8.634818099316249	13.003910840423133
4.955	8.634818099316247	13.187843663450794
4.96	8.634818099316249	13.372451284945909
4.965	8.634818099316247	13.557681362454904
4.97	8.634818099316247	13.743480894006138
4.975	8.634818099316249	13.92979631558074
4.98	8.634818099316247	14.116573496933707
4.985	8.634818099316249	14.30375793876404
4.99	8.634818099316249	14.491294677351446
4.995	8.634818099316249	14.679128457516097
5.0	8.634818099316249	14.867203789648183
