E, dos
-3.6074749609417456	2.5001317415950046e-10
-3.6024749609417457	7.343617461807001e-10
-3.597474960941746	1.2187103182018996e-9
-3.5924749609417455	1.7030588902231426e-9
-3.5874749609417456	2.187407462244342e-9
-3.5824749609417457	2.671756034265542e-9
-3.5774749609417458	6.352188590294592e-9
-3.5724749609417454	1.0986697984420856e-8
-3.5674749609417455	1.56212073785467e-8
-3.5624749609417456	2.025571677267256e-8
-3.5574749609417458	2.4890226166798412e-8
-3.5524749609417454	4.7865345167792124e-8
-3.5474749609417455	8.64500048024046e-8
-3.5424749609417456	1.2503466443701715e-7
-3.5374749609417457	1.6361932407162962e-7
-3.5324749609417454	2.0220398370624558e-7
-3.5274749609417455	3.1551578193035045e-7
-3.5224749609417456	5.948973550628124e-7
-3.5174749609417457	8.742789281952758e-7
-3.5124749609417454	1.1536605013277624e-6
-3.5074749609417455	1.4330420744602246e-6
-3.5024749609417456	1.8314007644339273e-6
-3.4974749609417457	3.5897969767097433e-6
-3.4924749609417454	5.348193188985714e-6
-3.4874749609417455	7.10658940126153e-6
-3.4824749609417456	8.864985613537354e-6
-3.4774749609417457	1.062338182581317e-5
-3.472474960941746	1.9062939161481302e-5
-3.4674749609417455	2.8676401788945062e-5
-3.4624749609417456	3.828986441640793e-5
-3.4574749609417457	4.790332704387079e-5
-3.4524749609417458	5.751678967133366e-5
-3.4474749609417454	8.947618801708943e-5
-3.4424749609417455	0.00013509285143446345
-3.4374749609417456	0.00018070951485183747
-3.4324749609417458	0.0002263261782692115
-3.4274749609417454	0.00027194284168658973
-3.4224749609417455	0.0003730698555929494
-3.4174749609417456	0.0005607380581934371
-3.4124749609417457	0.0007484062607939248
-3.4074749609417454	0.00093607446339443
-3.4024749609417455	0.0011237426659949177
-3.3974749609417456	0.0013887706081433296
-3.3924749609417457	0.0020572715553478444
-3.3874749609417454	0.0027257725025524155
-3.3824749609417455	0.0033942734497569367
-3.3774749609417456	0.0040627743969614515
-3.3724749609417457	0.004731275344165967
-3.3674749609417454	0.0066937209148119035
-3.3624749609417455	0.008752068877183827
-3.3574749609417456	0.010810416839555734
-3.3524749609417457	0.01286876480192764
-3.347474960941746	0.014927112764299547
-3.3424749609417455	0.01937484659485828
-3.3374749609417456	0.02484120487308078
-3.3324749609417457	0.03030756315130328
-3.3274749609417453	0.03577392142952629
-3.3224749609417454	0.041240279707748795
-3.3174749609417455	0.050014757189990836
-3.3124749609417456	0.06250144949727615
-3.3074749609417458	0.07498814180456147
-3.3024749609417454	0.08747483411184794
-3.2974749609417455	0.09996152641913324
-3.2924749609417456	0.11533569011353459
-3.2874749609417457	0.13978718306213672
-3.2824749609417454	0.1642386760107411
-3.2774749609417455	0.1886901689593432
-3.2724749609417456	0.21314166190794534
-3.2674749609417457	0.23778125032213798
-3.2624749609417454	0.2786726700651621
-3.2574749609417455	0.3195640898081824
-3.2524749609417456	0.36045550955120276
-3.2474749609417457	0.40134692929422305
-3.2424749609417454	0.4422383490372472
-3.2374749609417455	0.4966708362308383
-3.2324749609417456	0.5548881191380407
-3.2274749609417457	0.6131054020452431
-3.222474960941746	0.6713226849524456
-3.2174749609417455	0.7295399678596535
-3.2124749609417456	0.7945978600755467
-3.2074749609417457	0.8652151184628218
-3.2024749609417453	0.9358323768501022
-3.1974749609417454	1.0064496352373749
-3.1924749609417455	1.07706689362465
-3.1874749609417456	1.1487769452927745
-3.1824749609417458	1.22279035518978
-3.1774749609417454	1.2968037650867927
-3.1724749609417455	1.3708171749837983
-3.1674749609417456	1.4448305848808038
-3.1624749609417457	1.5184961937228256
-3.1574749609417454	1.588724421070172
-3.1524749609417455	1.6589526484175117
-3.1474749609417456	1.7291808757648517
-3.1424749609417457	1.799409103112191
-3.1374749609417454	1.8696373304595375
-3.1324749609417455	1.9363201916751267
-3.1274749609417456	2.0024354450342
-3.1224749609417457	2.0685506983932735
-3.1174749609417454	2.134665951752353
-3.1124749609417455	2.2007812051114266
-3.1074749609417456	2.2669917295233333
-3.1024749609417457	2.3332577027890657
-3.097474960941746	2.3995236760547978
-3.0924749609417455	2.465789649320536
-3.0874749609417456	2.5320556225862685
-3.0824749609417457	2.5982432769126507
-3.0774749609417453	2.6643145323017143
-3.0724749609417454	2.7303857876907722
-3.0674749609417455	2.7964570430798297
-3.0624749609417456	2.8625282984688876
-3.0574749609417458	2.9265707356489785
-3.0524749609417454	2.980869013457241
-3.0474749609417455	3.035167291265499
-3.0424749609417456	3.0894655690737562
-3.0374749609417453	3.143763846882019
-3.0324749609417454	3.1980621246902765
-3.0274749609417455	3.224677261920184
-3.0224749609417456	3.2496016142669006
-3.0174749609417457	3.274525966613618
-3.012474960941746	3.2994503189603352
-3.0074749609417455	3.3243746713070546
-3.0024749609417456	3.3216336677374754
-2.9974749609417457	3.307732182384518
-2.9924749609417454	3.293830697031559
-2.9874749609417455	3.279929211678601
-2.9824749609417456	3.2660277263256434
-2.9774749609417457	3.2373363709061445
-2.972474960941746	3.1927925305073965
-2.9674749609417455	3.1482486901086437
-2.9624749609417456	3.103704849709896
-2.9574749609417457	3.0591610093111474
-2.9524749609417453	3.0122446979984527
-2.9474749609417454	2.95831503963176
-2.9424749609417455	2.9043853812650666
-2.9374749609417456	2.8504557228983733
-2.9324749609417458	2.7965260645316805
-2.9274749609417454	2.74286747055399
-2.9224749609417455	2.7007836020309224
-2.9174749609417456	2.658699733507855
-2.9124749609417453	2.6166158649847837
-2.9074749609417454	2.574531996461716
-2.9024749609417455	2.5324481279386486
-2.8974749609417456	2.5096780695083574
-2.8924749609417457	2.491949768523091
-2.887474960941746	2.4742214675378245
-2.8824749609417455	2.456493166552556
-2.8774749609417456	2.438764865567289
-2.8724749609417457	2.437146537206427
-2.8674749609417454	2.448027441540015
-2.8624749609417455	2.458908345873602
-2.8574749609417456	2.4697892502071888
-2.8524749609417457	2.480670154540776
-2.847474960941746	2.50068760458647
-2.8424749609417455	2.5389878479793158
-2.8374749609417456	2.577288091372158
-2.8324749609417457	2.615588334765001
-2.8274749609417453	2.6538885781578467
-2.8224749609417454	2.694212830085705
-2.8174749609417455	2.7521015929989794
-2.8124749609417456	2.8099903559122543
-2.8074749609417458	2.8678791188255293
-2.8024749609417454	2.9257678817388095
-2.7974749609417455	2.983656644652084
-2.7924749609417456	3.044809351046852
-2.7874749609417453	3.1064350096505757
-2.7824749609417454	3.168060668254295
-2.7774749609417455	3.2296863268580145
-2.7724749609417456	3.2913119854617316
-2.7674749609417457	3.3438126118157148
-2.762474960941746	3.3912590141070362
-2.7574749609417455	3.438705416398363
-2.7524749609417456	3.486151818689686
-2.7474749609417457	3.5335982209810077
-2.7424749609417454	3.5715170166509838
-2.7374749609417455	3.595930899037497
-2.7324749609417456	3.6203447814240084
-2.7274749609417457	3.6447586638105216
-2.722474960941746	3.6691725461970335
-2.7174749609417455	3.6901615972129096
-2.7124749609417456	3.6959389462221983
-2.7074749609417457	3.7017162952314857
-2.7024749609417453	3.707493644240775
-2.6974749609417454	3.713270993250063
-2.6924749609417455	3.7190483422593514
-2.6874749609417456	3.714835550908746
-2.6824749609417458	3.710139744336823
-2.6774749609417454	3.7054439377649
-2.6724749609417455	3.7007481311929773
-2.6674749609417456	3.6960523246210544
-2.6624749609417453	3.6825096632521643
-2.6574749609417454	3.6655943007946914
-2.6524749609417455	3.648678938337219
-2.6474749609417456	3.6317635758797464
-2.6424749609417457	3.614848213422274
-2.637474960941746	3.58523461031224
-2.6324749609417455	3.542619634053455
-2.6274749609417456	3.5000046577946735
-2.6224749609417457	3.4573896815358913
-2.6174749609417454	3.4147747052771056
-2.6124749609417455	3.362303356922639
-2.6074749609417456	3.2823837737049795
-2.6024749609417457	3.202464190487323
-2.597474960941746	3.1225446072696634
-2.5924749609417455	3.042625024051998
-2.5874749609417456	2.9616325168970734
-2.5824749609417457	2.8504543545509162
-2.5774749609417453	2.739276192204751
-2.5724749609417454	2.628098029858598
-2.5674749609417455	2.5169198675124402
-2.5624749609417456	2.405741705166287
-2.5574749609417458	2.290993307008707
-2.552474960941746	2.1753769542184753
-2.5474749609417455	2.0597606014282306
-2.5424749609417456	1.9441442486379947
-2.5374749609417453	1.82852789584775
-2.5324749609417454	1.731487845958731
-2.5274749609417455	1.6482036412190595
-2.5224749609417456	1.5649194364793906
-2.5174749609417457	1.4816352317397188
-2.512474960941746	1.39835102700005
-2.5074749609417455	1.3371742250693934
-2.5024749609417456	1.3180332630534737
-2.4974749609417453	1.2988923010375522
-2.4924749609417454	1.279751339021633
-2.4874749609417455	1.2606103770057133
-2.4824749609417456	1.2506454506963984
-2.4774749609417457	1.3114576473129789
-2.472474960941746	1.372269843929557
-2.4674749609417455	1.4330820405461422
-2.4624749609417456	1.4938942371627226
-2.4574749609417452	1.5547064337793075
-2.4524749609417453	1.6803040837573755
-2.4474749609417454	1.8143302322123784
-2.4424749609417455	1.9483563806673763
-2.4374749609417456	2.082382529122379
-2.4324749609417458	2.2164086775773773
-2.427474960941746	2.3778652283233632
-2.4224749609417455	2.5537705315744175
-2.4174749609417456	2.7296758348254517
-2.4124749609417453	2.9055811380765055
-2.4074749609417454	3.081486441327547
-2.4024749609417455	3.254523687679833
-2.3974749609417456	3.4236822135384815
-2.3924749609417457	3.592840739397124
-2.387474960941746	3.761999265255773
-2.3824749609417455	3.931157791114434
-2.3774749609417456	4.08997273302722
-2.3724749609417453	4.206144612750816
-2.3674749609417454	4.322316492474405
-2.3624749609417455	4.438488372197988
-2.3574749609417456	4.554660251921577
-2.3524749609417457	4.67083213164516
-2.347474960941746	4.715500321226893
-2.3424749609417455	4.757599830789241
-2.3374749609417456	4.7996993403515855
-2.3324749609417452	4.841798849913934
-2.3274749609417453	4.88389835947628
-2.3224749609417454	4.880243699398176
-2.3174749609417455	4.860129280544218
-2.3124749609417456	4.840014861690261
-2.3074749609417458	4.819900442836304
-2.302474960941746	4.799786023982346
-2.2974749609417455	4.763141576721319
-2.2924749609417456	4.710329636325154
-2.2874749609417453	4.657517695928985
-2.2824749609417454	4.604705755532822
-2.2774749609417455	4.551893815136657
-2.2724749609417456	4.496301619182776
-2.2674749609417457	4.433403668724362
-2.262474960941746	4.370505718265949
-2.2574749609417455	4.307607767807533
-2.2524749609417456	4.244709817349119
-2.2474749609417453	4.181567224060055
-2.2424749609417454	4.1133237031835295
-2.2374749609417455	4.045080182307
-2.2324749609417456	3.976836661430474
-2.2274749609417457	3.9085931405539447
-2.222474960941746	3.840349619677416
-2.2174749609417455	3.7652285024078003
-2.2124749609417456	3.6885552777199866
-2.2074749609417452	3.611882053032167
-2.2024749609417453	3.5352088283443557
-2.1974749609417454	3.4585356036565416
-2.1924749609417455	3.380122324945377
-2.1874749609417456	3.3004796603086577
-2.1824749609417458	3.220836995671936
-2.177474960941746	3.141194331035217
-2.1724749609417455	3.0615516663984894
-2.1674749609417456	2.9874515704621167
-2.1624749609417453	2.9233736277883398
-2.1574749609417454	2.8592956851145646
-2.1524749609417455	2.79521774244079
-2.1474749609417456	2.7311397997670177
-2.1424749609417457	2.671865140082687
-2.137474960941746	2.645845354993042
-2.1324749609417455	2.6198255699033943
-2.1274749609417456	2.5938057848137483
-2.1224749609417453	2.5677859997241015
-2.1174749609417454	2.5417662146344555
-2.1124749609417455	2.5641894754307804
-2.1074749609417456	2.5922162933699786
-2.1024749609417457	2.6202431113091778
-2.097474960941746	2.648269929248376
-2.0924749609417455	2.6762967471875774
-2.0874749609417456	2.744387605887267
-2.0824749609417452	2.832531756586045
-2.0774749609417453	2.920675907284813
-2.0724749609417454	3.0088200579835847
-2.0674749609417455	3.0969642086823526
-2.0624749609417456	3.2093726830215874
-2.0574749609417458	3.3530999001328583
-2.052474960941746	3.496827117244135
-2.0474749609417455	3.6405543343554223
-2.0424749609417456	3.7842815514666936
-2.0374749609417453	3.9354728146983873
-2.0324749609417454	4.11531885507586
-2.0274749609417455	4.295164895453326
-2.0224749609417456	4.4750109358308
-2.0174749609417457	4.654856976208266
-2.012474960941746	4.834703016585738
-2.0074749609417455	5.013502434356396
-2.0024749609417456	5.192276953622819
-1.9974749609417455	5.371051472889254
-1.9924749609417456	5.549825992155676
-1.9874749609417455	5.728600511422112
-1.9824749609417456	5.873538414741828
-1.9774749609417455	6.007008634580918
-1.9724749609417456	6.140478854420009
-1.9674749609417455	6.273949074259105
-1.9624749609417456	6.40741929409819
-1.9574749609417454	6.503230857869481
-1.9524749609417456	6.563858258565593
-1.9474749609417454	6.624485659261714
-1.9424749609417455	6.685113059957827
-1.9374749609417456	6.745740460653943
-1.9324749609417455	6.787329355670365
-1.9274749609417456	6.781642688144229
-1.9224749609417455	6.7759560206180955
-1.9174749609417456	6.770269353091962
-1.9124749609417455	6.764582685565827
-1.9074749609417456	6.7569995736666995
-1.9024749609417455	6.71816228598738
-1.8974749609417456	6.679324998308064
-1.8924749609417455	6.640487710628747
-1.8874749609417456	6.60165042294943
-1.8824749609417455	6.562813135270114
-1.8774749609417456	6.524587801783422
-1.8724749609417455	6.486490198669317
-1.8674749609417456	6.448392595555212
-1.8624749609417455	6.410294992441108
-1.8574749609417456	6.372197389327003
-1.8524749609417455	6.344212597026873
-1.8474749609417456	6.323042221484192
-1.8424749609417455	6.301871845941511
-1.8374749609417456	6.2807014703988315
-1.8324749609417454	6.25953109485615
-1.8274749609417456	6.24548138602404
-1.8224749609417454	6.243684890310498
-1.8174749609417455	6.241888394596957
-1.8124749609417456	6.240091898883415
-1.8074749609417455	6.238295403169874
-1.8024749609417456	6.239424002539094
-1.7974749609417455	6.258877680748367
-1.7924749609417456	6.27833135895764
-1.7874749609417455	6.297785037166912
-1.7824749609417456	6.317238715376186
-1.7774749609417455	6.336692393585458
-1.7724749609417456	6.377137481493024
-1.7674749609417455	6.419715531837376
-1.7624749609417456	6.462293582181728
-1.7574749609417455	6.504871632526078
-1.7524749609417456	6.547449682870429
-1.7474749609417455	6.5986154024463355
-1.7424749609417456	6.653862020359256
-1.7374749609417455	6.709108638272186
-1.7324749609417456	6.764355256185106
-1.7274749609417455	6.819601874098035
-1.7224749609417456	6.868559250977901
-1.7174749609417455	6.90976685274784
-1.7124749609417456	6.950974454517777
-1.7074749609417454	6.992182056287716
-1.7024749609417456	7.033389658057654
-1.6974749609417454	7.065888690205819
-1.6924749609417455	7.0671659258298964
-1.6874749609417456	7.068443161453973
-1.6824749609417455	7.069720397078051
-1.6774749609417456	7.070997632702127
-1.6724749609417455	7.072274868326204
-1.6674749609417456	7.031392479958777
-1.6624749609417455	6.990006874161137
-1.6574749609417456	6.948621268363498
-1.6524749609417455	6.907235662565858
-1.6474749609417456	6.8658500567682195
-1.6424749609417455	6.809066319663798
-1.6374749609417456	6.747375012520131
-1.6324749609417455	6.685683705376455
-1.6274749609417456	6.6239923982327875
-1.6224749609417455	6.562301091089111
-1.6174749609417456	6.503539157458345
-1.6124749609417455	6.447391427935008
-1.6074749609417456	6.391243698411671
-1.6024749609417457	6.335095968888338
-1.5974749609417453	6.278948239364997
-1.5924749609417455	6.226766090317591
-1.5874749609417456	6.1839017227389315
-1.5824749609417457	6.141037355160272
-1.5774749609417453	6.098172987581609
-1.5724749609417454	6.055308620002952
-1.5674749609417455	6.012617786955105
-1.5624749609417456	5.972281297949444
-1.5574749609417458	5.931944808943783
-1.5524749609417454	5.891608319938118
-1.5474749609417455	5.851271830932461
-1.5424749609417456	5.8109353419267995
-1.5374749609417457	5.761673562580233
-1.5324749609417454	5.710696009067772
-1.5274749609417455	5.659718455555315
-1.5224749609417456	5.608740902042857
-1.5174749609417457	5.557763348530405
-1.5124749609417454	5.498224474876118
-1.5074749609417455	5.433185923736656
-1.5024749609417456	5.3681473725971935
-1.4974749609417457	5.303108821457731
-1.4924749609417454	5.238070270318269
-1.4874749609417455	5.169764958538129
-1.4824749609417456	5.096106552056407
-1.4774749609417457	5.022448145574686
-1.4724749609417453	4.948789739092959
-1.4674749609417455	4.875131332611238
-1.4624749609417456	4.801611467205329
-1.4574749609417457	4.728882294170854
-1.4524749609417453	4.656153121136375
-1.4474749609417454	4.583423948101901
-1.4424749609417455	4.510694775067426
-1.4374749609417456	4.437965602032958
-1.4324749609417453	4.379209367689026
-1.4274749609417454	4.321681345881721
-1.4224749609417455	4.264153324074417
-1.4174749609417456	4.206625302267113
-1.4124749609417457	4.149097280459814
-1.4074749609417454	4.115716527119771
-1.4024749609417455	4.093219397810145
-1.3974749609417456	4.0707222685005195
-1.3924749609417457	4.048225139190894
-1.3874749609417454	4.025728009881267
-1.3824749609417455	4.027009283275332
-1.3774749609417456	4.056269095862884
-1.3724749609417457	4.085528908450438
-1.3674749609417454	4.114788721037993
-1.3624749609417455	4.144048533625546
-1.3574749609417456	4.185047247657818
-1.3524749609417457	4.265449093656679
-1.3474749609417453	4.345850939655547
-1.3424749609417455	4.426252785654409
-1.3374749609417456	4.50665463165327
-1.3324749609417457	4.587056477652125
-1.3274749609417453	4.697210581479351
-1.3224749609417454	4.807375216424184
-1.3174749609417455	4.917539851369018
-1.3124749609417456	5.0277044863138505
-1.3074749609417453	5.137869121258692
-1.3024749609417454	5.250188857211512
-1.2974749609417455	5.363153208033994
-1.2924749609417456	5.476117558856477
-1.2874749609417457	5.58908190967896
-1.2824749609417454	5.702046260501451
-1.2774749609417455	5.8096875703841
-1.2724749609417456	5.912792026252163
-1.2674749609417457	6.015896482120226
-1.2624749609417454	6.119000937988298
-1.2574749609417455	6.222105393856361
-1.2524749609417456	6.323727566186213
-1.2474749609417457	6.422050135100639
-1.2424749609417454	6.520372704015073
-1.2374749609417455	6.618695272929498
-1.2324749609417456	6.7170178418439255
-1.2274749609417457	6.815529948642214
-1.2224749609417453	6.916219088569474
-1.2174749609417455	7.016908228496728
-1.2124749609417456	7.117597368423981
-1.2074749609417457	7.218286508351234
-1.2024749609417453	7.318975648278496
-1.1974749609417454	7.416527412281031
-1.1924749609417455	7.51352639233567
-1.1874749609417456	7.610525372390309
-1.1824749609417453	7.707524352444954
-1.1774749609417454	7.804523332499594
-1.1724749609417455	7.888466102962542
-1.1674749609417456	7.96441725249399
-1.1624749609417457	8.04036840202544
-1.1574749609417454	8.116319551556893
-1.1524749609417455	8.192270701088344
-1.1474749609417456	8.253706820922186
-1.1424749609417457	8.292480201787935
-1.1374749609417454	8.331253582653687
-1.1324749609417455	8.370026963519436
-1.1274749609417456	8.408800344385186
-1.1224749609417457	8.440038769726213
-1.1174749609417454	8.431875087125196
-1.1124749609417455	8.423711404524179
-1.1074749609417456	8.415547721923163
-1.1024749609417457	8.407384039322146
-1.0974749609417453	8.399220356721129
-1.0924749609417455	8.339729488284679
-1.0874749609417456	8.276413477399641
-1.0824749609417457	8.213097466514604
-1.0774749609417453	8.149781455629562
-1.0724749609417454	8.086465444744523
-1.0674749609417455	7.980134190139956
-1.0624749609417456	7.855434031217879
-1.0574749609417453	7.730733872295794
-1.0524749609417454	7.606033713373717
-1.0474749609417455	7.48133355445164
-1.0424749609417456	7.332082509399135
-1.0374749609417457	7.155242470302095
-1.0324749609417454	6.978402431205042
-1.0274749609417455	6.801562392108002
-1.0224749609417456	6.624722353010962
-1.0174749609417457	6.444163499066739
-1.0124749609417454	6.251891199079381
-1.0074749609417455	6.0596188990920385
-1.0024749609417456	5.867346599104695
-0.9974749609417457	5.675074299117352
-0.9924749609417454	5.483247735399176
-0.9874749609417455	5.331176961696194
-0.9824749609417456	5.1791061879932005
-0.9774749609417457	5.027035414290207
-0.9724749609417453	4.874964640587203
-0.9674749609417455	4.72289386688421
-0.9624749609417456	4.639341294277987
-0.9574749609417457	4.574979608587241
-0.9524749609417453	4.5106179228964915
-0.9474749609417454	4.446256237205746
-0.9424749609417455	4.381894551515001
-0.9374749609417456	4.374422213433333
-0.9324749609417453	4.413250058436438
-0.9274749609417454	4.452077903439539
-0.9224749609417455	4.490905748442641
-0.9174749609417456	4.529733593445743
-0.9124749609417457	4.595121945396117
-0.9074749609417454	4.71658463797732
-0.9024749609417455	4.838047330558513
-0.8974749609417456	4.959510023139707
-0.8924749609417457	5.080972715720901
-0.8874749609417454	5.205950456547192
-0.8824749609417455	5.36581594611133
-0.8774749609417456	5.525681435675482
-0.8724749609417457	5.685546925239633
-0.8674749609417454	5.845412414803795
-0.8624749609417455	6.005277904367947
-0.8574749609417456	6.152910441623796
-0.8524749609417457	6.298578673628256
-0.8474749609417453	6.444246905632728
-0.8424749609417455	6.5899151376371865
-0.8374749609417456	6.735583369641647
-0.8324749609417457	6.8421327149444355
-0.8274749609417453	6.925879754382793
-0.8224749609417454	7.00962679382115
-0.8174749609417455	7.093373833259508
-0.8124749609417456	7.1771208726978655
-0.8074749609417453	7.224890066946967
-0.8024749609417454	7.219109618573232
-0.7974749609417455	7.213329170199496
-0.7924749609417456	7.207548721825761
-0.7874749609417457	7.201768273452025
-0.7824749609417454	7.1818869785252
-0.7774749609417455	7.094112731735232
-0.7724749609417456	7.006338484945273
-0.7674749609417457	6.918564238155305
-0.7624749609417454	6.830789991365331
-0.7574749609417455	6.743015744575365
-0.7524749609417456	6.6190579249824255
-0.7474749609417457	6.492875725112761
-0.7424749609417454	6.366693525243075
-0.7374749609417455	6.240511325373399
-0.7324749609417456	6.114329125503724
-0.7274749609417457	6.0017045361227686
-0.7224749609417453	5.894558675642577
-0.7174749609417455	5.787412815162401
-0.7124749609417456	5.680266954682219
-0.7074749609417457	5.573121094202035
-0.7024749609417453	5.493704254905979
-0.6974749609417454	5.444050844393154
-0.6924749609417455	5.394397433880333
-0.6874749609417456	5.344744023367509
-0.6824749609417453	5.29509061285468
-0.6774749609417454	5.260290576594149
-0.6724749609417455	5.2694815085021105
-0.6674749609417456	5.278672440410073
-0.6624749609417457	5.287863372318034
-0.6574749609417454	5.297054304225998
-0.6524749609417455	5.306991463587321
-0.6474749609417456	5.349305475729036
-0.6424749609417457	5.391619487870749
-0.6374749609417454	5.433933500012466
-0.6324749609417455	5.476247512154181
-0.6274749609417456	5.518561524295896
-0.6224749609417457	5.567449819756547
-0.6174749609417454	5.6180579943909255
-0.6124749609417455	5.668666169025297
-0.6074749609417456	5.719274343659672
-0.6024749609417457	5.769882518294046
-0.5974749609417453	5.825017045829843
-0.5924749609417455	5.883668485589983
-0.5874749609417456	5.9423199253501195
-0.5824749609417457	6.00097136511026
-0.5774749609417453	6.059622804870405
-0.5724749609417454	6.130052754038038
-0.5674749609417455	6.2240898046968365
-0.5624749609417456	6.318126855355627
-0.5574749609417453	6.412163906014431
-0.5524749609417454	6.506200956673229
-0.5474749609417455	6.607476368854099
-0.5424749609417456	6.7718075905903765
-0.5374749609417453	6.936138812326665
-0.5324749609417454	7.10047003406293
-0.5274749609417455	7.264801255799207
-0.5224749609417456	7.429132477535483
-0.5174749609417457	7.664275172093974
-0.5124749609417454	7.909711452742377
-0.5074749609417455	8.155147733390745
-0.5024749609417456	8.40058401403913
-0.4974749609417457	8.646020294687514
-0.49247496094174537	8.920663387330944
-0.48747496094174547	9.211508679625787
-0.4824749609417456	9.502353971920606
-0.4774749609417457	9.793199264215449
-0.47247496094174535	10.084044556510314
-0.46747496094174545	10.362198686903685
-0.46247496094174556	10.622337454455282
-0.45747496094174567	10.882476222006858
-0.45247496094174533	11.142614989558474
-0.44747496094174544	11.40275375711007
-0.44247496094174554	11.642497621785418
-0.43747496094174565	11.79144156120989
-0.4324749609417453	11.94038550063437
-0.4274749609417454	12.08932944005883
-0.4224749609417455	12.238273379483301
-0.41747496094174563	12.387217318907771
-0.4124749609417453	12.390728946439683
-0.4074749609417454	12.387152462765453
-0.4024749609417455	12.383575979091221
-0.3974749609417456	12.379999495416989
-0.3924749609417457	12.376423011742757
-0.3874749609417454	12.275594097112172
-0.3824749609417455	12.137623795311452
-0.3774749609417456	11.999653493510744
-0.3724749609417457	11.861683191710025
-0.36747496094174537	11.723712889909297
-0.36247496094174547	11.54996279593692
-0.3574749609417456	11.339526880479845
-0.3524749609417457	11.129090965022787
-0.34747496094174535	10.918655049565697
-0.34247496094174545	10.70821913410862
-0.33747496094174556	10.497118751218167
-0.33247496094174567	10.28416457280835
-0.32747496094174533	10.07121039439852
-0.32247496094174544	9.85825621598872
-0.31747496094174554	9.645302037578903
-0.31247496094174565	9.43393662166666
-0.3074749609417453	9.267751595408876
-0.3024749609417454	9.101566569151107
-0.2974749609417455	8.93538154289335
-0.29247496094174563	8.769196516635578
-0.2874749609417453	8.603011490377796
-0.2824749609417454	8.490543688290456
-0.2774749609417455	8.391164384245714
-0.2724749609417456	8.29178508020097
-0.2674749609417457	8.192405776156214
-0.2624749609417454	8.093026472111454
-0.2574749609417455	8.029383568875941
-0.2524749609417456	7.9922419782618235
-0.2474749609417457	7.955100387647713
-0.24247496094174537	7.917958797033596
-0.23747496094174547	7.88081720641948
-0.23247496094174558	7.858015821809088
-0.22747496094174569	7.86252419864271
-0.22247496094174535	7.867032575476332
-0.21747496094174545	7.871540952309956
-0.21247496094174556	7.876049329143577
-0.20747496094174567	7.882721037446418
-0.20247496094174533	7.906137371935634
-0.19747496094174544	7.929553706424851
-0.19247496094174554	7.952970040914064
-0.18747496094174565	7.97638637540328
-0.1824749609417453	7.9998027098924975
-0.17747496094174542	8.035994219635894
-0.17247496094174553	8.073853537422664
-0.16747496094174563	8.111712855209438
-0.1624749609417453	8.149572172996212
-0.1574749609417454	8.187431490782982
-0.1524749609417455	8.251809580621781
-0.14747496094174561	8.33017811246126
-0.14247496094174572	8.408546644300728
-0.13747496094174538	8.486915176140206
-0.1324749609417455	8.565283707979685
-0.1274749609417456	8.6776969178874
-0.1224749609417457	8.836218395521485
-0.11747496094174537	8.994739873155591
-0.11247496094174547	9.153261350789698
-0.10747496094174558	9.31178282842378
-0.10247496094174569	9.48778420519105
-0.09747496094174535	9.736011832388204
-0.09247496094174545	9.9842394595854
-0.08747496094174556	10.232467086782554
-0.08247496094174567	10.480694713979748
-0.07747496094174533	10.728922341176942
-0.07247496094174544	11.010148709340637
-0.06747496094174554	11.292573050388937
-0.06247496094174565	11.574997391437279
-0.05747496094174531	11.857421732485621
-0.05247496094174542	12.13984607353392
-0.047474960941745525	12.367045156132873
-0.04247496094174563	12.574341172529824
-0.037474960941745294	12.781637188926803
-0.0324749609417454	12.988933205323752
-0.027474960941745508	13.196229221720733
-0.022474960941745614	13.312317795834272
-0.01747496094174572	13.339072919714797
-0.012474960941745383	13.365828043595329
-0.00747496094174549	13.392583167475859
-0.0024749609417455964	13.419338291356386
0.002525039058254297	13.386020128263915
0.0075250390582546345	13.19456562815397
0.012525039058254528	13.003111128044054
0.01752503905825442	12.811656627934138
0.022525039058254315	12.620202127824195
0.027525039058254652	12.421321819852855
0.032525039058254546	12.066345370870936
0.03752503905825444	11.711368921889017
0.04252503905825433	11.356392472907046
0.04752503905825467	11.001416023925074
0.05252503905825456	10.646439574943155
0.05752503905825446	10.254975141915
0.06252503905825435	9.855256848080096
0.06752503905825469	9.45553855424513
0.07252503905825458	9.055820260410226
0.07752503905825447	8.65610196657526
0.08252503905825437	8.303313220982048
0.0875250390582547	7.983729607059999
0.0925250390582546	7.664145993137998
0.09752503905825449	7.344562379215948
0.10252503905825439	7.024978765293946
0.10752503905825428	6.76243812202476
0.11252503905825462	6.603202736344208
0.11752503905825451	6.44396735066368
0.1225250390582544	6.284731964983154
0.1275250390582543	6.125496579302602
0.13252503905825463	5.9884908363349485
0.13752503905825453	6.0058841823937295
0.14252503905825442	6.02327752845251
0.14752503905825431	6.040670874511295
0.15252503905825465	6.0580642205700785
0.15752503905825455	6.07545756662886
0.16252503905825444	6.219342445813999
0.16752503905825433	6.377914724766047
0.17252503905825467	6.536487003718118
0.17752503905825456	6.695059282670167
0.18252503905825446	6.8536315616222385
0.18752503905825435	7.065551333219766
0.1925250390582547	7.304215699607457
0.19752503905825458	7.542880065995112
0.20252503905825447	7.781544432382802
0.20752503905825437	8.020208798770456
0.2125250390582547	8.265386232207389
0.2175250390582546	8.51898239355705
0.2225250390582545	8.772578554906673
0.22752503905825439	9.026174716256298
0.23252503905825428	9.279770877605959
0.23752503905825462	9.524374696873908
0.2425250390582545	9.734381914581082
0.2475250390582544	9.944389132288256
0.2525250390582543	10.154396349995462
0.25752503905825463	10.364403567702666
0.26252503905825453	10.574410785409842
0.2675250390582544	10.696330557759785
0.2725250390582543	10.816122103431237
0.27752503905825465	10.935913649102703
0.28252503905825455	11.055705194774154
0.28752503905825444	11.175496740445622
0.29252503905825433	11.207085758595257
0.29752503905825467	11.208725781026859
0.30252503905825456	11.210365803458458
0.30752503905825446	11.21200582589006
0.31252503905825435	11.213645848321661
0.3175250390582547	11.15402608382782
0.3225250390582546	11.037090664382854
0.3275250390582545	10.920155244937904
0.33252503905825437	10.803219825492956
0.3375250390582547	10.686284406047989
0.3425250390582546	10.544484396970523
0.3475250390582545	10.340834883395349
0.3525250390582544	10.137185369820173
0.3575250390582547	9.933535856244967
0.3625250390582546	9.729886342669761
0.3675250390582545	9.524583951524269
0.3725250390582544	9.291861644242585
0.3775250390582543	9.05913933696094
0.38252503905825463	8.826417029679256
0.38752503905825453	8.59369472239761
0.3925250390582544	8.360972415115926
0.3975250390582543	8.157062548546978
0.4025250390582542	7.959181470894913
0.4075250390582541	7.76130039324282
0.4125250390582549	7.5634193155907266
0.4175250390582548	7.365538237938633
0.42252503905825467	7.215825955997295
0.42752503905825456	7.09861951749934
0.43252503905825446	6.981413079001401
0.43752503905825435	6.864206640503462
0.44252503905825424	6.747000202005505
0.44752503905825414	6.66433336185897
0.4525250390582549	6.641192674585804
0.4575250390582548	6.618051987312645
0.4625250390582547	6.594911300039485
0.4675250390582546	6.571770612766322
0.4725250390582545	6.559632541802726
0.4775250390582544	6.6166294441076285
0.4825250390582543	6.673626346412522
0.4875250390582542	6.730623248717416
0.49252503905825407	6.787620151022319
0.49752503905825485	6.844617053327221
0.5025250390582547	6.953272653243654
0.5075250390582546	7.067199546343691
0.5125250390582545	7.181126439443728
0.5175250390582544	7.295053332543782
0.5225250390582543	7.40898022564382
0.5275250390582542	7.547984321077629
0.5325250390582541	7.698924533963007
0.5375250390582549	7.84986474684843
0.5425250390582548	8.00080495973381
0.5475250390582547	8.151745172619187
0.5525250390582546	8.309715781914797
0.5575250390582545	8.476361843393475
0.5625250390582544	8.643007904872182
0.5675250390582542	8.80965396635086
0.5725250390582541	8.97630002782954
0.5775250390582549	9.138519297161087
0.5825250390582548	9.284834731960764
0.5875250390582547	9.431150166760464
0.5925250390582546	9.57746560156014
0.5975250390582545	9.723781036359817
0.6025250390582544	9.870096471159515
0.6075250390582543	9.94514012951838
0.6125250390582542	10.019307254376539
0.6175250390582541	10.093474379234689
0.6225250390582548	10.167641504092847
0.6275250390582547	10.241808628951008
0.6325250390582546	10.226081550109724
0.6375250390582545	10.181648765573236
0.6425250390582544	10.137215981036757
0.6475250390582543	10.092783196500275
0.6525250390582542	10.048350411963787
0.6575250390582541	9.935122374209863
0.6625250390582549	9.76041348709373
0.6675250390582548	9.585704599977651
0.6725250390582547	9.410995712861546
0.6775250390582546	9.236286825745465
0.6825250390582545	9.033486987549352
0.6875250390582544	8.764571197691431
0.6925250390582542	8.495655407833551
0.6975250390582541	8.226739617975673
0.7025250390582549	7.957823828117712
0.7075250390582548	7.687184158227617
0.7125250390582547	7.393026492750728
0.7175250390582546	7.098868827273883
0.7225250390582545	6.804711161796995
0.7275250390582544	6.510553496320149
0.7325250390582543	6.216395830843305
0.7375250390582542	5.959446471221944
0.742525039058255	5.709668659606609
0.7475250390582548	5.459890847991274
0.7525250390582547	5.210113036375978
0.7575250390582546	4.960335224760679
0.7625250390582545	4.7622406815534655
0.7675250390582544	4.5973961359108815
0.7725250390582543	4.4325515902682735
0.7775250390582542	4.2677070446256895
0.7825250390582541	4.1028624989831055
0.7875250390582549	3.969611845765609
0.7925250390582548	3.888210599164786
0.7975250390582547	3.806809352563951
0.8025250390582546	3.7254081059631288
0.8075250390582545	3.644006859362306
0.8125250390582544	3.569701535490222
0.8175250390582542	3.5360078349701816
0.8225250390582541	3.5023141344501365
0.8275250390582549	3.468620433930091
0.8325250390582548	3.4349267334100455
0.8375250390582547	3.4012330328900053
0.8425250390582546	3.3690378115595667
0.8475250390582545	3.3369749333726446
0.8525250390582544	3.3049120551857274
0.8575250390582543	3.27284917699881
0.8625250390582542	3.240786298811888
0.867525039058255	3.190110557383685
0.8725250390582548	3.1310317838612516
0.8775250390582547	3.0719530103388264
0.8825250390582546	3.0128742368163928
0.8875250390582545	2.9537954632939676
0.8925250390582544	2.884543746821402
0.8975250390582543	2.80330510635156
0.9025250390582542	2.72206646588173
0.9075250390582541	2.6408278254119004
0.9125250390582549	2.559589184942046
0.9175250390582548	2.4809660428796003
0.9225250390582547	2.411139749946941
0.9275250390582546	2.3413134570142917
0.9325250390582545	2.2714871640816323
0.9375250390582544	2.201660871148983
0.9425250390582542	2.131834578216334
0.9475250390582541	2.1139796048811137
0.9525250390582549	2.096161436139298
0.9575250390582548	2.0783432673974827
0.9625250390582547	2.06052509865567
0.9675250390582546	2.042706929913857
0.9725250390582545	2.081957676566567
0.9775250390582544	2.1383124707075565
0.9825250390582543	2.194667264848554
0.9875250390582542	2.2510220589895433
0.992525039058255	2.3073768531305494
0.9975250390582548	2.3970845332114705
1.0025250390582547	2.5152595598996283
1.0075250390582546	2.6334345865878035
1.0125250390582545	2.751609613275961
1.0175250390582544	2.8697846399641187
1.0225250390582543	2.99294118404847
1.0275250390582542	3.1272050863096306
1.032525039058254	3.2614689885708112
1.0375250390582549	3.395732890831992
1.0425250390582548	3.529996793093172
1.0475250390582547	3.6607740693471693
1.0525250390582546	3.751310754743394
1.0575250390582545	3.841847440139632
1.0625250390582544	3.9323841255358563
1.0675250390582542	4.0229208109320815
1.0725250390582541	4.11345749632832
1.077525039058255	4.128780860616153
1.0825250390582548	4.130815325000397
1.0875250390582547	4.132849789384641
1.0925250390582546	4.134884253768885
1.0975250390582545	4.136918718153129
1.1025250390582544	4.0795086738055275
1.1075250390582543	3.9856583383373883
1.1125250390582542	3.891808002869263
1.117525039058255	3.7979576674011097
1.1225250390582548	3.7041073319329847
1.1275250390582547	3.584942585491014
1.1325250390582546	3.4261948956075483
1.1375250390582545	3.2674472057241055
1.1425250390582544	3.108699515840639
1.1475250390582543	2.949951825957197
1.1525250390582542	2.788683792779075
1.157525039058254	2.614201593092618
1.1625250390582549	2.439719393406161
1.1675250390582548	2.2652371937197042
1.1725250390582547	2.0907549940332735
1.1775250390582546	1.9162727943468425
1.1825250390582545	1.765724324633406
1.1875250390582544	1.6169692902337705
1.1925250390582542	1.4682142558341131
1.1975250390582541	1.3194592214344776
1.202525039058255	1.1707041870347978
1.2075250390582548	1.0533332401614333
1.2125250390582547	0.9493869420990296
1.2175250390582546	0.8454406440366105
1.2225250390582545	0.7414943459742067
1.2275250390582544	0.637548047911803
1.2325250390582543	0.5538069587964456
1.2375250390582542	0.4928036901699772
1.242525039058255	0.43180042154349063
1.2475250390582548	0.37079715291702225
1.2525250390582547	0.3097938842905448
1.2575250390582546	0.25614062753396455
1.2625250390582545	0.22568313756019487
1.2675250390582544	0.19522564758642064
1.2725250390582543	0.1647681576126509
1.2775250390582542	0.13431066763887667
1.282525039058254	0.10404018208038823
1.2875250390582549	0.09100485087148155
1.2925250390582548	0.07796951966257484
1.2975250390582547	0.06493418845367006
1.3025250390582546	0.05189885724476336
1.3075250390582545	0.038863526035858596
1.3125250390582544	0.03225455745593199
1.3175250390582542	0.027449241209432613
1.3225250390582541	0.02264392496293395
1.327525039058255	0.01783860871643386
1.3325250390582548	0.013033292469935197
1.3375250390582547	0.010032148623417718
1.3425250390582546	0.00850145714251188
1.3475250390582545	0.00697076566160627
1.3525250390582544	0.0054400741807004325
1.3575250390582543	0.003909382699794822
1.3625250390582542	0.0027345683791823038
1.367525039058255	0.002312299423416311
1.3725250390582548	0.0018900304676504436
1.3775250390582547	0.0014677615118845134
1.3825250390582546	0.0010454925561186458
1.3875250390582545	0.0006525117349200135
1.3925250390582544	0.0005514648662397133
1.3975250390582543	0.00045041799755941327
1.4025250390582542	0.0003493711288790981
1.407525039058254	0.000248324260198798
1.4125250390582549	0.00014727739151846787
1.4175250390582548	0.00011517468674086408
1.4225250390582547	9.417555684649551e-5
1.4275250390582546	7.317642695212382e-5
1.4325250390582545	5.217729705775525e-5
1.4375250390582544	3.1178167163383564e-5
1.4425250390582542	2.1042823936959346e-5
1.4475250390582541	1.7249592837852302e-5
1.452525039058255	1.3456361738744127e-5
1.4575250390582548	9.663130639637084e-6
1.4625250390582547	5.8698995405294735e-6
1.4675250390582546	3.360391276831581e-6
1.4725250390582545	2.764398975822674e-6
1.4775250390582544	2.1684066748136778e-6
1.4825250390582543	1.5724143738047701e-6
1.4875250390582542	9.764220727957742e-7
1.492525039058255	4.687284303270104e-7
1.4975250390582548	3.8723496917929033e-7
1.5025250390582547	3.057415080315823e-7
1.5075250390582546	2.2424804688387432e-7
1.5125250390582545	1.427545857361542e-7
1.5175250390582544	6.126112458844622e-8
1.5225250390582543	4.7376528278906175e-8
1.5275250390582542	3.767514202206477e-8
1.532525039058254	2.7973755765224805e-8
1.5375250390582549	1.827236950838196e-8
1.5425250390582548	8.570983251542e-9
1.5475250390582547	5.059479428848961e-9
1.5525250390582546	4.053672228164014e-9
1.5575250390582545	3.0478650274790675e-9
1.5625250390582544	2.042057826793971e-9
1.5675250390582542	1.036250626109024e-9
1.5725250390582541	4.714148184262169e-10
1.577525039058255	3.80574598027891e-10
1.5825250390582548	2.897343776295922e-10
1.5875250390582547	1.9889415723127987e-10
1.5925250390582546	1.0805393683298105e-10
