V, MHC_k, MHC_DOS_k
-3.5	320.17441371711357	37.06610210944866
-3.495	320.2068558546288	38.64928536356979
-3.49	320.23476683446876	40.26155058894234
-3.485	320.25872812083236	41.90124312214474
-3.48	320.2792546064899	43.566595824255856
-3.475	320.29680102545234	45.25573313765541
-3.47	320.31176792397156	46.966675369877436
-3.465	320.3245071944104	48.69734422529204
-3.46	320.33532718105386	50.44556802855904
-3.455	320.34449737062505	52.209088757884714
-3.45	320.35225268370874	53.985568456217834
-3.445	320.35879738413286	55.77259716176942
-3.44	320.36430862809635	57.56770088492315
-3.435	320.36893967227917	59.36835020428395
-3.43	320.3728227638919	61.17196956636598
-3.425	320.3760717344323	62.97594696574369
-3.42	320.37878431929676	64.7776435442931
-3.415	320.3810442250045	66.57440467437274
-3.41	320.38292296520365	68.36357033800216
-3.405	320.3844814858544	70.14248617583888
-3.4	320.385771599053	71.90851556145314
-3.395	320.38683724392564	73.65904979616589
-3.39	320.3877155919021	75.3915206591614
-3.385	320.38843801252386	77.10341174921143
-3.38	320.3890309147599	78.79227032489781
-3.375	320.3895164776257	80.45571876226369
-3.37	320.38991328274614	82.09146591589504
-3.365	320.390236860379	83.69731846370183
-3.36	320.3905001593387	85.27119161936868
-3.355	320.3907139502397	86.8111196215517
-3.35	320.39088717051123	88.3152659825237
-3.345	320.39102721874553	89.78193288973196
-3.34	320.39114020509663	91.20956966622403
-3.335	320.39123116369376	92.59678188251857
-3.33	320.3913042323209	93.94233754589901
-3.325	320.3913628039853	95.24517489829607
-3.32	320.3914096544182	96.50440724081209
-3.315	320.39144704903384	97.71932795725246
-3.31	320.3914768324126	98.88941421975464
-3.305	320.3915005029587	100.01432930194053
-3.3	320.39151927502223	101.09392494379496
-3.295	320.3915341304506	102.12823886516632
-3.29	320.3915458612542	103.11750110043577
-3.285	320.391555104825	104.06212181178263
-3.28	320.3915623729302	104.96269579196381
-3.275	320.3915680755191	105.81999234767031
-3.27	320.3915725402198	106.63495507153726
-3.265	320.3915760282646	107.40869170099458
-3.26	320.39157874746473	108.14246600211757
-3.255	320.39158086275387	108.83768960404448
-3.25	320.3915825047334	109.49591052382924
-3.245	320.391583776581	110.11880236762194
-3.24	320.3915847596227	110.70815193822398
-3.235	320.3915855178129	111.2658458608944
-3.23	320.3915861013304	111.7938565362622
-3.225	320.3915865494551	112.29422419141441
-3.22	320.3915868928656	112.76905471068014
-3.215	320.39158715546694	113.22048283471058
-3.21	320.3915873558456	113.65067155578407
-3.205	320.39158750841716	114.06179188361986
-3.2	320.3915876243391	114.45599913177078
-3.195	320.3915877122266	114.83542894229807
-3.19	320.39158777871694	115.20217110334139
-3.185	320.39158782891184	115.55826062031477
-3.18	320.39158786672374	115.9056493300819
-3.175	320.39158789514664	116.24620520337471
-3.17	320.3915879164661	116.5816896780848
-3.165	320.39158793242325	116.91374452756304
-3.16	320.39158794434127	117.24387982093579
-3.155	320.3915879532234	117.57346131782025
-3.15	320.39158795982894	117.90369951411002
-3.145	320.3915879647308	118.23564060019505
-3.14	320.3915879683607	118.57015659748149
-3.135	320.3915879710427	118.9079392243322
-3.13	320.39158797302036	119.2494937808779
-3.125	320.3915879744755	119.59513538055995
-3.12	320.39158797554387	119.94498486981409
-3.115	320.39158797632626	120.29896959326591
-3.11	320.39158797689845	120.65682208783183
-3.105	320.3915879773159	121.0180833850453
-3.1	320.3915879776197	121.38210478328841
-3.095	320.39158797784035	121.74805736963071
-3.09	320.3915879780003	122.11493236382427
-3.085	320.391587978116	122.48155358385253
-3.08	320.3915879781994	122.84658609088214
-3.075	320.3915879782597	123.20854716796379
-3.07	320.39158797830294	123.56581840657441
-3.065	320.3915879783339	123.91666033772856
-3.06	320.3915879783562	124.259225833293
-3.055	320.39158797837206	124.59157686477124
-3.05	320.3915879783835	124.91170054355612
-3.045	320.3915879783917	125.21752782169372
-3.04	320.3915879783976	125.50695082503243
-3.035	320.3915879784019	125.77784226176253
-3.03	320.39158797840514	126.0280748623558
-3.025	320.3915879784076	126.25554111877995
-3.02	320.39158797840975	126.45817262912826
-3.015	320.3915879784118	126.6339611971354
-3.01	320.3915879784133	126.78097922997837
-3.005	320.3915879784152	126.89739455466076
-3.0	320.39158797841725	126.98149811413414
-2.995	320.39158797841975	127.03171649203912
-2.99	320.3915879784228	127.0466325785113
-2.985	320.39158797842657	127.02500211055133
-2.98	320.39158797843135	126.96577094274257
-2.975	320.39158797843703	126.86809012684824
-2.97	320.3915879784443	126.73133021989531
-2.965	320.39158797845323	126.55509452862701
-2.96	320.39158797846443	126.33923171571134
-2.955	320.3915879784782	126.08384399319603
-2.95	320.3915879784952	125.78929539953344
-2.945	320.3915879785159	125.45622114649083
-2.94	320.39158797854105	125.08553022044228
-2.935	320.3915879785715	124.67840984823432
-2.93	320.39158797860836	124.23632532877302
-2.925	320.39158797865235	123.76102026809126
-2.92	320.3915879787049	123.25451285769694
-2.915	320.391587978767	122.7190911199011
-2.91	320.3915879788401	122.15730581532054
-2.905	320.3915879789254	121.57196114332004
-2.9	320.3915879790242	120.96610353870287
-2.895	320.3915879791377	120.34300803369501
-2.89	320.39158797926683	119.70616308880237
-2.885	320.39158797941235	119.05925347018139
-2.88	320.3915879795744	118.40614062543823
-2.875	320.3915879797522	117.7508416930715
-2.87	320.39158797994446	117.09750748953178
-2.865	320.39158797841	116.45039774257715
-2.86	320.39158797841	115.81385573089536
-2.855	320.3915879784099	115.1922814158032
-2.85	320.39158797840986	114.59010383831688
-2.845	320.39158797840986	114.01175213448856
-2.84	320.3915879784098	113.46162597844331
-2.835	320.3915879784099	112.94405504765798
-2.83	320.39158797840986	112.46332473402471
-2.825	320.39158797840986	112.02353290485507
-2.82	320.39158797841	111.6286750217566
-2.815	320.39158797841037	111.2825554134723
-2.81	320.39158797841037	110.98877196563807
-2.805	320.3915879784107	110.75068538002151
-2.8	320.39158797841026	110.57139689754051
-2.795	320.3915879784102	110.45372059170359
-2.79	320.39158797841026	110.40015447099573
-2.785	320.3915879784103	110.41288133488644
-2.78	320.39158797841026	110.49371987729222
-2.775	320.3915879784103	110.6441128804403
-2.77	320.39158797841026	110.8651335729139
-2.765	320.3915879784103	111.15745347269363
-2.76	320.3915879784103	111.52134065903665
-2.755	320.3915879784102	111.9566503172187
-2.75	320.39158797841026	112.46282324888836
-2.745	320.39158797841026	113.03888355118013
-2.74	320.39158797841026	113.6834423149419
-2.735	320.39158797841026	114.39471180823769
-2.73	320.3915879784104	115.17046976232567
-2.725	320.39158797841026	116.00815934208096
-2.72	320.39158797841026	116.90481612389927
-2.715	320.3915879784103	117.8571293194214
-2.71	320.39158797841026	118.86145375041735
-2.705	320.3915879784102	119.91383259967502
-2.7	320.3915879784103	121.01002368007596
-2.695	320.39158797841026	122.14552593420859
-2.69	320.39158797841026	123.31561071359982
-2.685	320.39158797841026	124.51535283802012
-2.68	320.39158797835483	125.73966432714958
-2.675	320.39158797835324	126.98332751392634
-2.67	320.39158797841026	128.2410376882417
-2.665	320.3915879784102	129.50742945326908
-2.66	320.3915879784102	130.77712014412054
-2.655	320.3915879784102	132.0447469578813
-2.65	320.3915879784102	133.30500355978907
-2.645	320.39158797841026	134.55267805373944
-2.64	320.3915879784102	135.78268733595732
-2.635	320.39158797841014	136.99011644606327
-2.63	320.39158797841026	138.17024838444485
-2.625	320.39158797841054	139.3186011866847
-2.62	320.3915879784103	140.43095720320918
-2.615	320.39158797841026	141.5033933066525
-2.61	320.3915879784102	142.53230798436948
-2.605	320.39158797841026	143.514446867819
-2.6	320.3915879784103	144.4469250723102
-2.595	320.3915879784103	145.32724759469372
-2.59	320.39158797841026	146.15332636133806
-2.585	320.3915879784103	146.9234948961755
-2.58	320.3915879784103	147.6365195016334
-2.575	320.3915879784103	148.29160867560876
-2.57	320.3915879784103	148.88841796019892
-2.565	320.3915879784103	149.42705202058437
-2.56	320.3915879784102	149.9080649233185
-2.555	320.39158797841037	150.33245626562191
-2.55	320.39158797841066	150.70166422172775
-2.545	320.39158797841026	151.01755681516195
-2.54	320.3915879784101	151.2824183760406
-2.535	320.39158797841	151.49893548984718
-2.53	320.3915879784096	151.67017763229563
-2.525	320.3915879784098	151.79958187790237
-2.52	320.39158797840986	151.8909236790871
-2.515	320.3915879784098	151.94829623660004
-2.51	320.3915879784098	151.97608324937352
-2.505	320.3915879784099	151.9789303213333
-2.5	320.39158797840986	151.96171217812594
-2.495	320.39158797841	151.92951233115215
-2.49	320.39158797841003	151.88757337433864
-2.485	320.3915879784101	151.84127524100617
-2.48	320.39158797841003	151.79609729205717
-2.475	320.3915879784101	151.7575828995797
-2.47	320.3915879784102	151.7313078463542
-2.465	320.3915879784102	151.72283854173392
-2.46	320.3915879784102	151.73770219649543
-2.455	320.3915879784103	151.78134837477668
-2.45	320.3915879784103	151.8591179185195
-2.445	320.3915879784103	151.97620630974006
-2.44	320.3915879784103	152.13763318223735
-2.435	320.3915879784104	152.34820995572642
-2.43	320.3915879784103	152.61250997210178
-2.425	320.39158797841037	152.93484024941796
-2.42	320.39158797841037	153.3192150800614
-2.415	320.3915879784103	153.76933001883006
-2.41	320.3915879784103	154.288541911111
-2.405	320.3915879784103	154.87984549302254
-2.4	320.39158797841037	155.5458568993519
-2.395	320.39158797841037	156.28879857497307
-2.39	320.3915879784103	157.11048659095923
-2.385	320.39158797841026	158.01231569825688
-2.38	320.39158797841037	158.99525940792756
-2.375	320.3915879784103	160.05986046757263
-2.37	320.3915879784103	161.2062294374309
-2.365	320.3915879784103	162.43410191633387
-2.36	320.3915879784102	163.74256607795036
-2.355	320.39158797841026	165.13061951818523
-2.35	320.39158797841026	166.59662901081785
-2.345	320.39158797841026	168.13861662434158
-2.34	320.3915879784102	169.7542201865195
-2.335	320.3915879784102	171.44070911571694
-2.33	320.3915879784102	173.19501088613217
-2.325	320.39158797841026	175.01370026544862
-2.32	320.3915879784102	176.89307402542377
-2.315	320.39158797841026	178.8291640077412
-2.31	320.39158797841026	180.8177273633562
-2.305	320.3915879784102	182.85427888772548
-2.3	320.39158797841026	184.93417356902165
-2.295	320.3915879784102	187.05259143561656
-2.29	320.3915879784103	189.20457929099285
-2.285	320.39158797841026	191.3850840872057
-2.28	320.3915879784102	193.58898329242726
-2.275	320.3915879784102	195.81111681386471
-2.27	320.3915879784103	198.0463185275992
-2.265	320.39158797841026	200.2894471872438
-2.26	320.3915879784103	202.53541374764143
-2.255	320.3915879784103	204.77921488617878
-2.25	320.3915879784102	207.01595698146093
-2.245	320.3915879784102	209.2408834804036
-2.24	320.3915879784103	211.44939890782732
-2.235	320.3915879784104	213.63709147230182
-2.23	320.39158797841026	215.79975305281326
-2.225	320.39158797841026	217.93339899502845
-2.22	320.39158797841026	220.0342816608177
-2.215	320.3915879784103	222.09890633029931
-2.21	320.3915879784103	224.12404115048992
-2.205	320.39158797841026	226.10672561658248
-2.2	320.3915879784103	228.04427718429775
-2.195	320.3915879784103	229.93429524365095
-2.19	320.39158797841037	231.7746601367663
-2.185	320.3915879784103	233.56353632844323
-2.18	320.3915879784103	235.29936331086267
-2.175	320.3915879784104	236.98085288735743
-2.17	320.3915879784102	238.6069797343574
-2.165	320.39158797841026	240.1769737239485
-2.16	320.3915879784103	241.69030472033387
-2.155	320.39158797841037	243.14667063274374
-2.15	320.3915879784103	244.54598189197043
-2.145	320.3915879784103	245.88834605956856
-2.14	320.39158797841014	247.17404993522695
-2.135	320.39158797841026	248.40353958401226
-2.13	320.3915879784103	249.57740576891345
-2.125	320.3915879784103	250.69635935516638
-2.12	320.3915879784102	251.76121417812814
-2.115	320.3915879784102	252.7728681677685
-2.11	320.3915879784102	253.7322833388405
-2.105	320.39158797841014	254.64046665267878
-2.1	320.3915879784101	255.49845448485848
-2.095	320.39158797841003	256.30728469960604
-2.09	320.39158797841	257.0679956862672
-2.085	320.39158797841	257.7816006615526
-2.08	320.3915879784099	258.4490777203029
-2.075	320.3915879784098	259.0713503838775
-2.07	320.39158797840986	259.6492855355697
-2.065	320.3915879784098	260.1836776479695
-2.06	320.3915879784098	260.6752418480615
-2.055	320.39158797840975	261.1246072019075
-2.05	320.3915879784098	261.53231178411784
-2.045	320.3915879784098	261.89879955590055
-2.04	320.3915879784099	262.2244173369144
-2.035	320.3915879784102	262.5094176128374
-2.03	320.3915879784104	262.7539564186177
-2.025	320.3915879784107	262.95809823422616
-2.02	320.39158797841037	263.1218202508078
-2.015	320.39158797841026	263.2450175495909
-2.01	320.39158797841037	263.3275101004085
-2.005	320.39158797841037	263.369049796379
-2.0	320.39158797841037	263.369331104159
-1.995	320.39158797841037	263.327949826638
-1.99	320.3915879784103	263.2446642395844
-1.985	320.3915879784103	263.11890423174617
-1.98	320.39158797841037	262.95028550533385
-1.975	320.3915879784103	262.7383806537113
-1.97	320.3915879784103	262.48274058788047
-1.965	320.3915879784103	262.1829556605167
-1.96	320.3915879784103	261.83867265247176
-1.955	320.3915879784103	261.4495522983639
-1.95	320.39158797841026	261.0153201872381
-1.945	320.3915879784102	260.5357738003876
-1.94	320.3915879784102	260.01078954541435
-1.935	320.3915879784102	259.4403325647681
-1.93	320.39158797841026	258.82447015156924
-1.925	320.3915879784102	258.1633787891396
-1.92	320.39158797841037	257.4573528930984
-1.915	320.3915879784103	256.7068136708324
-1.91	320.3915879784102	255.91231521305193
-1.905	320.3915879784103	255.0744566930685
-1.9	320.3915879783583	254.19436312203064
-1.895	320.39158797834995	253.2727381455211
-1.89	320.3915879784103	252.3108201042342
-1.885	320.3915879784103	251.30990891682316
-1.88	320.3915879784103	250.27146339786145
-1.875	320.39158797841037	249.1971028748279
-1.87	320.3915879784102	248.08861466958223
-1.865	320.39158797841037	246.94792576400138
-1.86	320.39158797841026	245.77714200641088
-1.855	320.39158797841026	244.57852056640982
-1.85	320.39158797841026	243.35447375421225
-1.845	320.3915879784105	242.10756529338778
-1.84	320.3915879784103	240.8405059326998
-1.835	320.39158797841026	239.55614914398873
-1.83	320.3915879784103	238.25748514341717
-1.825	320.3915879784102	236.94763494825187
-1.82	320.39158797841037	235.6298446843176
-1.815	320.39158797841037	234.30747448239566
-1.81	320.3915879784103	232.98399460615704
-1.805	320.39158797841037	231.66297427673425
-1.8	320.3915879784103	230.34807280551718
-1.795	320.3915879784103	229.0430296804242
-1.79	320.3915879784103	227.75165379294478
-1.785	320.3915879784102	226.4778109331844
-1.78	320.39158797841037	225.2254187875925
-1.775	320.3915879784102	223.99842408108083
-1.77	320.3915879784105	222.80079755547453
-1.765	320.3915879784102	221.63651803777387
-1.76	320.39158797841	220.50955983433926
-1.755	320.39158797840986	219.4238779428115
-1.75	320.3915879784098	218.3833037101124
-1.745	320.39158797840975	217.39188342581434
-1.74	320.39158797840975	216.45345135774136
-1.735	320.39158797840975	215.57153533311913
-1.73	320.39158797840975	214.7498712109464
-1.725	320.3915879784098	213.9919881731433
-1.72	320.39158797840975	213.301288321929
-1.715	320.3915879784099	212.6810360648534
-1.71	320.39158798007537	212.1343377071799
-1.705	320.3915879798753	211.66412943206052
-1.7	320.3915879796878	211.2731603051127
-1.695	320.39158797951546	210.96397928542953
-1.69	320.39158797935914	210.73891947883294
-1.685	320.39158797921954	210.60008593914637
-1.68	320.3915879790959	210.54934081584247
-1.675	320.39158797898773	210.58829238106273
-1.67	320.3915879788938	210.71828264481024
-1.665	320.3915879788129	210.94037644737668
-1.66	320.3915879787438	211.25535194874746
-1.655	320.39158797868527	211.66369066858294
-1.65	320.39158797863587	212.1655713281692
-1.645	320.3915879785945	212.7608611161646
-1.64	320.3915879785601	213.44911086853898
-1.635	320.3915879785315	214.22955398411133
-1.63	320.391587978508	215.10109531569563
-1.625	320.39158797848876	216.0623174875867
-1.62	320.39158797847307	217.11147706509124
-1.615	320.3915879784603	218.24650505405765
-1.61	320.39158797844993	219.46500863283867
-1.605	320.39158797844163	220.76427834311903
-1.6	320.391587978435	222.14127651338873
-1.595	320.39158797842964	223.5927129529029
-1.59	320.39158797842543	225.11491575618933
-1.585	320.3915879784221	226.70397991107168
-1.58	320.39158797841947	228.35570489753832
-1.575	320.39158797841736	230.06562418858326
-1.57	320.39158797841577	231.82901793479093
-1.565	320.3915879784145	233.64092678035522
-1.56	320.39158797841355	235.49616256065198
-1.555	320.3915879784127	237.38934735908282
-1.55	320.391587978412	239.31489804118218
-1.545	320.3915879784118	241.26706870761834
-1.54	320.3915879784115	243.23996432525672
-1.535	320.39158797841134	245.2275627705083
-1.53	320.39158797841117	247.22373613424008
-1.525	320.3915879784113	249.2222739889873
-1.52	320.39158797841134	251.21690706071703
-1.515	320.39158797841156	253.20133146072288
-1.51	320.39158797841196	255.16923374525356
-1.505	320.39158797841253	257.1143150759843
-1.5	320.3915879784134	259.0303190051816
-1.495	320.39158797841463	260.9110558299367
-1.49	320.3915879784162	262.75042962113736
-1.485	320.39158797841867	264.54246436515723
-1.48	320.39158797842197	266.2813302602442
-1.475	320.39158797842657	267.96136961521734
-1.47	320.3915879784329	269.5771201704117
-1.465	320.3915879784416	271.1233531586277
-1.46	320.39158797845363	272.5950793917804
-1.455	320.39158797847017	273.9875858939968
-1.45	320.39158797849234	275.2964572168702
-1.445	320.39158797852275	276.5175964829362
-1.44	320.3915879785639	277.64724898260414
-1.435	320.39158797861955	278.68202147658656
-1.43	320.3915879786945	279.618901420098
-1.425	320.39158797879514	280.45527405459967
-1.42	320.3915879789299	281.18894039752035
-1.415	320.39158797910983	281.8181283029075
-1.41	320.39158797934937	282.34150590896036
-1.405	320.3915879796672	282.75819268743084
-1.4	320.3915879800878	283.06776499127204
-1.395	320.3915879806427	283.2702642875181
-1.39	320.39158798137254	283.3661980442768
-1.385	320.3915879823295	283.35654183260147
-1.38	320.3915879835806	283.24273639926383
-1.375	320.3915879852113	283.0266826068283
-1.37	320.3915879873302	282.7107273696679
-1.365	320.3915879900752	282.2976820319508
-1.36	320.39158799362036	281.7907680536116
-1.355	320.3915879981847	281.1936266211642
-1.35	320.3915880040431	280.5102950474074
-1.345	320.391588011539	279.74518456601123
-1.34	320.39158802109966	278.903058308756
-1.335	320.39158803325523	277.98900295692107
-1.33	320.3915880486609	277.00843327625626
-1.325	320.3915879794853	275.96693537571065
-1.32	320.3915879796546	274.87041928137415
-1.315	320.3915879798393	273.72496352559347
-1.31	320.3915879800372	272.5368071466768
-1.305	320.3915879784083	271.3123113423747
-1.3	320.39158797840787	270.05792486960934
-1.295	320.3915879784074	268.7800981379801
-1.29	320.39158797840696	267.4854140910799
-1.285	320.39158797840633	266.1802953239675
-1.28	320.3915879784055	264.87113123342107
-1.275	320.3915879784047	263.5641966710979
-1.27	320.3915879784037	262.26561276451525
-1.265	320.3915879784024	260.98130993889197
-1.26	320.39158797840093	259.7169909899821
-1.255	320.39158797839923	258.47809774291204
-1.25	320.39158797839724	257.26977658437323
-1.245	320.3915879783943	256.09684967582115
-1.24	320.3915879783908	254.96378730890524
-1.235	320.3915879783867	253.87468352972294
-1.23	320.3915879783818	252.83323402844027
-1.225	320.39158797837575	251.84271929158905
-1.22	320.3915879783685	250.90598727400663
-1.215	320.39158797835955	250.02544612101363
-1.21	320.39158797834887	249.20306046174224
-1.205	320.3915879783358	248.44032355551968
-1.2	320.39158797832	247.73830624225712
-1.195	320.3915879783009	247.09761411096173
-1.19	320.3915879782776	246.51841906033474
-1.185	320.3915879782495	246.00046880418935
-1.18	320.3915879782154	245.54309961060378
-1.175	320.39158797817447	245.14525550141698
-1.17	320.391587978124	244.80552492387173
-1.165	320.3915879780633	244.52213834405484
-1.16	320.39158797798973	244.2930305554076
-1.155	320.39158797790054	244.11584749687324
-1.15	320.39158797779254	243.98798485824034
-1.145	320.39158797766163	243.90663524879795
-1.14	320.3915879775028	243.86882504652309
-1.135	320.3915879773104	243.87142318638814
-1.13	320.3915879770773	243.91122619227127
-1.125	320.3915879767314	243.98497060016982
-1.12	320.39158797645194	244.08937985919772
-1.115	320.3915879759728	244.2212063421418
-1.11	320.3915879755334	244.37726503891471
-1.105	320.39158797492354	244.5544840621005
-1.1	320.3915879741842	244.7499301529964
-1.095	320.39158797328827	244.96085048591434
-1.09	320.3915879722024	245.18470607495405
-1.085	320.3915879708864	245.41920103667488
-1.08	320.3915879692913	245.66231471476343
-1.075	320.39158796735825	245.9123246405611
-1.07	320.3915879650156	246.16783144142826
-1.065	320.3915879621767	246.4277787519739
-1.06	320.3915879587356	246.6914667326937
-1.055	320.39158795456586	246.958569059857
-1.05	320.39158794951265	247.229136963098
-1.045	320.3915879433891	247.50361366707943
-1.04	320.39158793596863	247.78282457731714
-1.035	320.39158792697674	248.06798312164554
-1.03	320.39158791608116	248.36068246237667
-1.025	320.391587902879	248.66288712368822
-1.02	320.39158788688286	248.9769194599005
-1.015	320.391587867502	249.30544596163523
-1.01	320.3915878440216	249.65145386907108
-1.005	320.39158781557546	250.01823317585914
-1.0	320.39158778111596	250.40934824701344
-0.995	320.39158773937464	250.82861193614067
-0.99	320.39158768881475	251.2800554346566
-0.985	320.39158762757904	251.76789470460182
-0.98	320.3915875534194	252.2964981181607
-0.975	320.3915874636162	252.87034924960966
-0.97	320.39158735488024	253.4940106392283
-0.965	320.39158722323407	254.17208526853926
-0.96	320.3915870638693	254.90917829860746
-0.955	320.39158687097415	255.70985715567238
-0.95	320.39158663752613	256.5786114231066
-0.945	320.39158635504157	257.5198140409448
-0.94	320.39158601327546	258.5376815775943
-0.935	320.3915855998592	259.63623668346617
-0.93	320.3915850998652	260.819267569815
-0.925	320.39158449528423	262.09029456943733
-0.92	320.39158376439724	263.45253296600146
-0.915	320.3915828810215	264.90885769778754
-0.91	320.3915818136073	266.46177663046035
-0.905	320.3915805241539	268.1133939517211
-0.9	320.39157896691233	269.86539029021617
-0.895	320.39157708683354	271.7189761482871
-0.89	320.3915748177119	273.6749085108927
-0.885	320.39157207996806	275.7334321570885
-0.88	320.39156877800207	277.89428189940327
-0.875	320.3915647970383	280.1566628440531
-0.87	320.3915599993655	282.5192410817868
-0.865	320.3915542198618	284.9801346706033
-0.86	320.39154726067596	287.5369110620861
-0.855	320.3915388849083	290.1865805707064
-0.85	320.3915288091153	292.9256064955774
-0.845	320.3915166944265	295.7499043469104
-0.84	320.3915021360314	298.65485806068875
-0.835	320.3914846507483	301.6353247582712
-0.83	320.39146366234746	304.6856578102475
-0.825	320.39143848424305	307.79972216571787
-0.82	320.3914082991084	310.9709220242324
-0.815	320.39137213489937	314.1922298635893
-0.81	320.39132883669566	317.4561981281637
-0.805	320.3912770336702	320.75502056827355
-0.8	320.3912151004073	324.08054881736854
-0.795	320.3911411116645	327.4243375706891
-0.79	320.39105278954924	330.77768392384826
-0.785	320.39094744193386	334.13167418378424
-0.78	320.3908218907687	337.4772261680178
-0.775	320.39067238877635	340.8051392535761
-0.77	320.3904945227944	344.10614281105336
-0.765	320.3902831018286	347.37094660184704
-0.76	320.3900320276123	350.590292000294
-0.755	320.38973414520984	353.7550046103392
-0.75	320.3893810708931	356.85604445132844
-0.745	320.3889629941997	359.88455520114013
-0.74	320.3884684507284	362.83193109053406
-0.735	320.38788406184256	365.68984242435397
-0.73	320.3871942370446	368.4503014889793
-0.725	320.3863808522713	371.1057038759628
-0.72	320.3854227960671	373.6488756730149
-0.715	320.38429562470884	376.0731126725047
-0.71	320.38297100400786	378.3722232684266
-0.705	320.3814161593822	380.5405620666199
-0.7	320.3795932389014	382.5730645303465
-0.695	320.37745859568344	384.46527469354754
-0.69	320.37496198127945	386.2133706299826
-0.685	320.3720456411209	387.81418436062467
-0.68	320.368643302555	389.26532208482223
-0.675	320.3646790454722	390.56476734352594
-0.67	320.3600660450399	391.7113767626651
-0.665	320.3547051756249	392.7049340921181
-0.66	320.34848346461916	393.5455777643495
-0.655	320.34127238460457	394.2342332201797
-0.65	320.3329259721179	394.772488280056
-0.645	320.32327876123253	395.16258432083237
-0.64	320.3121435202803	395.4073642491002
-0.635	320.2993087803179	395.51028549478815
-0.63	320.2845361444301	395.47538201294907
-0.625	320.2675573676739	395.30714089875875
-0.62	320.2480711984426	395.0106061025569
-0.615	320.2257399732843	394.59123951013805
-0.61	320.20018595878014	394.0548928592202
-0.605	320.1709874359947	393.40775977966854
-0.6	320.137674525285	392.65632130669536
-0.595	320.0997247517052	391.807291675901
-0.59	320.0565583559664	390.8675592528069
-0.585	320.00753335330063	389.84412987550604
-0.58	319.95194036005205	388.74406520180764
-0.575	319.88899719233984	387.57442509817423
-0.57	319.8178432641877	386.34220318508903
-0.565	319.7375338104811	385.05427700951014
-0.56	319.64703396024026	383.71733671497157
-0.555	319.54521270190185	382.3378372493927
-0.55	319.4308367816796	380.92193872776375
-0.545	319.30256458497644	379.47545584017274
-0.54	319.1589400563168	378.0038075278523
-0.535	318.99838672674207	376.51196820375924
-0.53	318.81920190522	375.00442649107373
-0.525	318.6195511291926	373.485143801431
-0.52	318.3974629449704	371.9575199751055
-0.515	318.15082411346583	370.4243620117359
-0.51	317.8773753367183	368.88785894662743
-0.505	317.57470760690893	367.3495588090492
-0.5	317.2402592842232	365.8103542520688
-0.495	316.8713140136799	364.2704720958031
-0.49	316.46499959375296	362.72946888487695
-0.485	316.01828791109705	361.18622853700055
-0.48	315.52799605577144	359.638973264362
-0.475	314.99078872996927	358.085272741669
-0.47	314.4031820600896	356.5220623405106
-0.465	313.76154891712935	354.9456664003015
-0.46	313.06212584350897	353.35182692371757
-0.455	312.30102167562313	351.7357382652486
-0.45	311.4742279404965	350.09208486276816
-0.445	310.57763109192064	348.4150852682454
-0.44	309.6070266363377	346.69854145294
-0.435	308.5581351815633	344.93589108628044
-0.43	307.4266204222806	343.12025840968096
-0.425	306.2081090552021	341.24452411637793
-0.42	304.89821259405403	339.3013802230422
-0.415	303.49255103028776	337.28339667312565
-0.41	301.98677825991297	335.18309064640863
-0.405	300.3766091703689	332.99299043428806
-0.4	298.65784825423276	330.70570796760506
-0.395	296.8264195891698	328.3140068794972
-0.39	294.8783979962643	325.81087217686616
-0.385	292.8100411621555	323.1895730279159
-0.38	290.6178224846891	320.443750296174
-0.375	288.29846437753616	317.5674488641999
-0.37	285.84897174691224	314.5552019840939
-0.365	283.26666533359264	311.4020838427861
-0.36	280.54921459634147	308.1037644954062
-0.355	277.6946697990657	304.65656093424957
-0.35	274.70149295388865	301.057482197138
-0.345	271.5685872662	297.30427018702267
-0.34	268.2953247264991	293.39543500670936
-0.335	264.88157149506964	289.330283621435
-0.33	261.32771073655624	285.1089426171429
-0.325	257.63466256994104	280.73237443444646
-0.32	253.80390082031673	276.20238360335117
-0.315	249.83746627963518	271.52163204834227
-0.31	245.73797621130657	266.69361644403415
-0.305	241.50862986532107	261.72266968726706
-0.3	237.1532098062735	256.6139396099981
-0.295	232.67607889714066	251.3733649750519
-0.29	228.08217282413074	246.00764465070793
-0.285	223.37698809459695	240.52420097021175
-0.28	218.56656548798054	234.93113673108755
-0.275	213.6574689896594	229.23718722301714
-0.27	208.65676028823123	223.45166811436957
-0.265	203.57196896750412	217.5844167955481
-0.26	198.4110585745402	211.64573225286506
-0.255	193.1823887937195	205.64630984672925
-0.25	187.89467400320032	199.5971752596153
-0.245	182.55693853361686	193.5096109908014
-0.24	177.17846898865585	187.39509146385413
-0.235	171.76876402278182	181.2652075840427
-0.23	166.33748200171217	175.1315951817641
-0.225	160.89438699704584	169.00588453187603
-0.22	155.4492935853995	162.8995475227292
-0.215	150.01201093609606	156.82395309862764
-0.21	144.59228667838929	150.79021668767442
-0.205	139.19975103986997	144.80915839135847
-0.2	133.84386174180742	138.89124114742248
-0.195	128.53385012525425	133.04651395672764
-0.19	123.27866896332922	127.28455912659236
-0.185	118.08694239134138	121.61443008605451
-0.18	112.96691835707651	116.04466137292641
-0.175	107.92642395954167	110.5831473435054
-0.17	102.97282400621339	105.23716254428878
-0.165	98.11298307705236	100.01332021128687
-0.16	93.35323133894563	94.91754704033582
-0.155	88.69933430760804	89.9550652978981
-0.15	84.15646670604443	85.13037824267533
-0.145	79.72919052030481	80.4472623115985
-0.14	75.42143730519636	75.90876312489429
-0.135	71.23649474564147	71.51719627915742
-0.13	67.17699743421663	67.27415082990484
-0.125	63.24492178275678	63.180502067441864
-0.12	59.4415849463861	59.23642176918748
-0.115	55.76764760249477	55.44139588907326
-0.11	52.22312039548253	51.79424448676434
-0.105	48.807373830923765	48.29314386618251
-0.1	45.51915138045224	44.93565191013535
-0.095	42.35658554131097	41.71873575517626
-0.09	39.317216582445816	38.63879971051042
-0.085	36.398013700402366	35.69171652899476
-0.08	33.59539831047662	32.87285870409763
-0.075	30.90526919686398	30.177130767684652
-0.07	28.32302923633265	27.599002106151396
-0.065	25.843613491104918	25.13254013671333
-0.06	23.46151835338805	22.77144352024211
-0.055	21.17083157685326	20.50907508197656
-0.05	18.96526296632125	18.338494541272343
-0.045	16.838175549076183	16.252490710452932
-0.04	14.782617070863754	14.24361312304667
-0.035	12.791351684488491	12.304203008747296
-0.03	10.85689172395495	10.426423604581071
-0.025	8.971529481682872	8.602289627234704
-0.02	7.127368929874824	6.823696174253503
-0.015	5.316357349068516	5.082446815978893
-0.01	3.5303168467517327	3.3702811275300193
-0.005	1.760975766198153	1.678901587510998
0.0	0.0	0.0
0.005	1.760975766194683	1.674716481991547
0.01	3.530316846737464	3.353499666693426
0.015	5.316357349035008	5.044534847062171
0.02	7.127368929811693	6.7559154742662795
0.025	8.971529481576773	8.495617730979797
0.03	10.856891723788396	10.2714752902177
0.035	12.791351684238307	12.091153761752647
0.04	14.782617070499173	13.962125079298662
0.045	16.838175548556343	15.891641636731814
0.05	18.96526296559203	17.886710336978034
0.055	21.170831575843174	19.95406616942624
0.06	23.461518352003054	22.10014606662005
0.065	25.843613489221678	24.331062420811914
0.07	28.323029233790038	26.652576497932117
0.075	30.9052691934522	29.07007236931172
0.08	33.59539831035022	31.588530841088655
0.085	36.39801370024401	34.21250400688628
0.09	39.317216582249124	36.94609034736363
0.095	42.35658554131284	39.792911025452376
0.1	45.5191513804538	42.756087300968545
0.105	48.80737383092508	45.83821770794604
0.11	52.22312039542203	49.04136180234595
0.115	55.76764760249569	52.367019061207934
0.12	59.44158494638691	55.816115587519086
0.125	63.24492178275748	59.388990204479654
0.13	67.17699743421728	63.08538580295497
0.135	71.23649474564205	66.90444184148791
0.14	75.42143730519695	70.84469090281203
0.145	79.7291905203054	74.90405962276952
0.15	84.15646670604498	79.07987239820291
0.155	88.69933430760864	83.36885944543633
0.16	93.35323133894626	87.7671700089859
0.165	98.11298307705297	92.27038640949728
0.17	102.97282400621404	96.87354863841614
0.175	107.9264239595418	101.57118483312819
0.18	112.96691835707666	106.35730239700602
0.185	118.08694239134157	111.22550006637054
0.19	123.27866896332934	116.16892690075096
0.195	128.53385012525445	121.18036339332143
0.2	133.84386174180764	126.25225798108582
0.205	139.1997510398702	131.37677602998502
0.21	144.5922866783928	136.5458513703846
0.215	150.01201093609626	141.7512381991203
0.22	155.44929358540537	146.9845685888034
0.225	160.89438699705116	152.23740723733806
0.23	166.3374820017124	157.5013118803091
0.235	171.768764022782	162.76789039479257
0.24	177.17846898865605	168.02885886649628
0.245	182.55693853360196	173.27609980659176
0.25	187.89467400318551	178.50171741217727
0.255	193.18238879370492	183.69809189149825
0.26	198.41105857452587	188.85793119111176
0.265	203.57196896749014	193.97431993367368
0.27	208.65676028821767	199.04076191082515
0.275	213.65746898964636	204.05122527934702
0.28	218.56656548796792	209.00017213691788
0.285	223.37698809458487	213.88259647810796
0.29	228.08217282411917	218.6940457522869
0.295	232.6760788971297	223.4306412531887
0.3	237.15320980626316	228.08909687156876
0.305	241.50862986531126	232.66672053422846
0.31	245.73797621130825	237.1614213214383
0.315	249.83746627962665	241.57170492900187
0.32	253.80390082030885	245.8966637828224
0.325	257.63466256993365	250.13596214940648
0.33	261.32771073654936	254.28981502485803
0.335	264.88157149506344	258.35896158208203
0.34	268.29532472649333	262.3446372238992
0.345	271.5685872662544	266.2485331650766
0.35	274.70149295388387	270.07276276859915
0.355	277.69466979906133	273.8198144800753
0.36	280.5492145963376	277.49251037700543
0.365	283.2666653335892	281.0939568454535
0.37	285.8489717469091	284.6274929883106
0.375	288.29846437753326	288.09664696898943
0.38	290.6178224846866	291.5050801863696
0.385	292.81004116215325	294.85654125110443
0.39	294.8783979962624	298.1548176749215
0.395	296.8264195891681	301.4036853921582
0.4	298.6578482542312	304.6068697081471
0.405	300.37660917036743	307.76799908621484
0.41	301.9867782599117	310.8905686761367
0.415	303.49255103028685	313.97791030600206
0.42	304.8982125940532	317.03315545993706
0.425	306.20810905520136	320.0592159459209
0.43	307.42662042227704	323.0587569199452
0.435	308.55813518156003	326.0341888236676
0.44	309.60702663633475	328.9876532459915
0.445	310.57763109191797	331.9210144604185
0.45	311.474227940494	334.83586729213073
0.455	312.3010216756209	337.73353497057485
0.46	313.062125843507	340.6150821628295
0.465	313.7615489171275	343.4813291592762
0.47	314.40318206008806	346.33286801109995
0.475	314.9907887299678	349.17008822052884
0.48	315.52799605577025	351.9932024991258
0.485	316.01828791109597	354.8022710327351
0.49	316.46499959375296	357.59723824028725
0.495	316.8713140136792	360.37796387360254
0.5	317.2402592842226	363.14425571991995
0.505	317.57470760690853	365.8959080260132
0.51	317.8773753367181	368.6327332112582
0.515	318.1508241134659	371.35459864965685
0.52	318.3974629449707	374.0614618770633
0.525	318.619551129193	376.7533976294023
0.53	318.8192019052209	379.4306342849797
0.535	318.9983867267434	382.09357539569885
0.54	319.1589400563187	384.74282733059687
0.545	319.3025645841334	387.3792170635467
0.55	319.43083678093694	390.0038108336687
0.555	319.54521270124997	392.6179266907989
0.56	319.64703395967103	395.22313685971307
0.565	319.7375338099866	397.821281714005
0.57	319.81784326376055	400.41443879824453
0.575	319.8889971919739	403.0049798748571
0.58	319.9519403600694	405.595481455577
0.585	320.0075333533228	408.18875528095595
0.59	320.05655835575186	410.7878112139862
0.595	320.09972475174095	413.39585513885606
0.6	320.137674525153	416.01618990262114
0.605	320.1709874359008	418.6522748031466
0.61	320.2001859587236	421.3076644663135
0.615	320.2257399732654	423.985798542119
0.62	320.2480711984622	426.6903209444843
0.625	320.2675573677343	429.42467427254235
0.63	320.2845361444899	432.1922286301414
0.635	320.2993087804323	434.9961973969748
0.64	320.3121435204546	437.8395878635286
0.645	320.3232787614732	440.725146932832
0.65	320.33292597243354	443.6553229632056
0.655	320.3412723850046	446.632196763796
0.66	320.3484834651147	449.6574570929092
0.665	320.35470517622866	452.7323383447309
0.67	320.36006604576573	455.8575878233445
0.675	320.36467904633514	459.03342095909613
0.68	320.3686433035706	462.25949018589733
0.685	320.372045642305	465.5348501612931
0.69	320.3749619826472	468.8579335619778
0.695	320.37745859724834	472.22652817023624
0.7	320.3795932388932	475.63775933522135
0.705	320.3814161593754	479.0880779910355
0.71	320.3829710040023	482.57324434255474
0.715	320.3842956247042	486.0883793670359
0.72	320.38542279606327	489.62789247454674
0.725	320.38638085226813	493.18554551407533
0.73	320.387194251217	496.75445632345384
0.735	320.3878840730067	500.32712533492105
0.74	320.3884684594891	503.8954654984223
0.745	320.3889630010476	507.45082954114713
0.75	320.38938107622465	510.98406433256906
0.755	320.38973414934384	514.4855461421287
0.76	320.390032034576	517.9452338675765
0.765	320.39028310721943	521.3527256342621
0.77	320.39049452695076	524.6973158054678
0.775	320.39067239196754	527.9680569943704
0.78	320.3908218932082	531.153823806313
0.785	320.39094744379037	534.2433953529638
0.79	320.391052790956	537.2255017626765
0.795	320.3911411127253	540.0889156701154
0.8	320.3912151012031	542.8225064654438
0.805	320.3912770342641	545.4153356831512
0.81	320.3913288371365	547.8567120385908
0.815	320.39137213522474	550.13627229201
0.82	320.3914082993469	552.2440487181635
0.825	320.3914384844168	554.1705374390247
0.83	320.39146366247303	555.9067666842085
0.835	320.3914846508384	557.4443592562907
0.84	320.3915021360955	558.7755933163941
0.845	320.3915166944715	559.8934550489895
0.85	320.3915288091465	560.7916938971706
0.855	320.3915388849298	561.4648646237317
0.86	320.39154726069046	561.9083796354604
0.865	320.3915542198714	562.1185306971195
0.87	320.39155999937157	562.0925271102504
0.875	320.39156479704224	561.8285173887482
0.88	320.3915687780043	561.3256086683296
0.885	320.3915720753449	560.5838763481124
0.89	320.3915748176526	559.6043704903894
0.895	320.3915770868338	558.3891113212909
0.9	320.3915789669123	556.9410880477907
0.905	320.39158052415377	555.2642355570385
0.91	320.3915818136072	553.3634183183843
0.915	320.3915828810214	551.2444060575128
0.92	320.39158376439707	548.91383629064
0.925	320.39158449528423	546.3791786164757
0.93	320.39158509986527	543.6486920079254
0.935	320.39158559985935	540.7313761282796
0.94	320.3915860132759	537.6369210483485
0.945	320.3915863550419	534.3756396952283
0.95	320.3915866375264	530.9584264451825
0.955	320.3915868709746	527.396681654287
0.96	320.3915870638698	523.7022479405313
0.965	320.3915872232346	519.8873447090813
0.97	320.3915873548807	515.9644995416927
0.975	320.3915874636166	511.9464776274513
0.98	320.39158755341964	507.846212337315
0.985	320.39158762757904	503.6767354505327
0.99	320.3915876888146	499.4511126773914
0.995	320.39158773937424	495.18236964559395
1.0	320.39158778111596	490.8834303418688
1.005	320.39158781557546	486.56705371871266
1.01	320.39158784402156	482.245773281467
1.015	320.3915878675007	477.93183953975966
1.02	320.3915878868816	473.63716497053355
1.025	320.391587902878	469.37327736632886
1.03	320.3915879160801	465.1512702380525
1.035	320.39158792697594	460.98176280661767
1.04	320.3915879359679	456.87486397918076
1.045	320.3915879433883	452.84013418140364
1.05	320.391587949512	448.88656667260403
1.055	320.39158795456524	445.02255597470355
1.06	320.3915879587351	441.2558830753735
1.065	320.391587962176	437.5936955318571
1.07	320.3915879650151	434.0425164955696
1.075	320.39158796735796	430.60821167146923
1.08	320.3915879692911	427.2960086666069
1.085	320.391587970886	424.11049184558584
1.09	320.39158797220216	421.0556108997289
1.095	320.39158797328815	418.13469076202887
1.1	320.3915879741841	415.350444196272
1.105	320.39158797492337	412.7049882164558
1.11	320.3915879755334	410.19986239371076
1.115	320.39158797603665	407.8360504668423
1.12	320.39158797645183	405.61400011587085
1.125	320.3915879767944	403.5336520391078
1.13	320.3915879770771	401.5944585828301
1.135	320.3915879773103	399.7954170033384
1.14	320.3915879775027	398.1350932874897
1.145	320.39158797766163	396.6116492563719
1.15	320.3915879777926	395.22287126933685
1.155	320.39158797790066	393.96619565799773
1.16	320.3915879779898	392.8387392315281
1.165	320.3915879780634	391.83732310309153
1.17	320.391587978124	390.95850074171585
1.175	320.3915879781741	390.1985801312679
1.18	320.3915879782154	389.5536521816176
1.185	320.3915879782496	389.0196116392052
1.19	320.39158797827764	388.5921796810183
1.195	320.3915879783009	388.2669255061775
1.2	320.39158797832005	388.03928638317615
1.205	320.3915879783358	387.9045894584478
1.21	320.39158797834887	387.8580598190798
1.215	320.3915879783596	387.8948498289312
1.22	320.3915879783684	388.0100514734359
1.225	320.39158797837575	388.19870338701423
1.23	320.3915879783817	388.4558420662406
1.235	320.3915879783867	388.7764125397336
1.24	320.39158797839093	389.1554172513989
1.245	320.39158797839434	389.5878448933211
1.25	320.3915879783971	390.0686976251019
1.255	320.3915879783994	390.5930036385103
1.26	320.39158797840133	391.1558281933508
1.265	320.39158797840287	391.7522812225426
1.27	320.39158797840423	392.3775285191249
1.275	320.3915879784052	393.02679618029424
1.28	320.39158797840616	393.6953841825127
1.285	320.3915879784069	394.37867244251936
1.29	320.3915879784074	395.0721224631603
1.295	320.391587978408	395.77129906994503
1.3	320.3915879784084	396.4718598306422
1.305	320.3915879784087	397.1695713019179
1.31	320.39158797840895	397.86031200271964
1.315	320.3915879784091	398.540078566019
1.32	320.39158797840935	399.20499099987813
1.325	320.3915879784095	399.8512818951402
1.33	320.39158797841003	400.47534262812167
1.335	320.39158797840986	401.07369796440156
1.34	320.3915879784099	401.64298681926243
1.345	320.39158797841	402.1799917940547
1.35	320.3915879784101	402.68163943889203
1.355	320.39158797841014	403.14499549007945
1.36	320.3915879784101	403.5672748496424
1.365	320.39158797841014	403.94580563531764
1.37	320.39158797841014	404.2780787851242
1.375	320.3915879784102	404.5617140435107
1.38	320.3915879784102	404.7944688475324
1.385	320.39158797841026	404.9742088572113
1.39	320.3915879784102	405.09894606795
1.395	320.39158797841026	405.1668063983637
1.4	320.39158797841026	405.17611309990457
1.405	320.39158797841026	405.1249577575655
1.41	320.3915879784102	405.01207344230676
1.415	320.3915879784102	404.83592032922513
1.42	320.3915879784102	404.5951485151215
1.425	320.3915879784102	404.28849458203814
1.43	320.3915879784103	403.9147839930336
1.435	320.3915879784102	403.4729104604679
1.44	320.3915879784102	402.961751634739
1.445	320.3915879784102	402.38061967537624
1.45	320.3915879784102	401.7283335488985
1.455	320.39158797841014	401.0041415596964
1.46	320.39158797841014	400.20725328692646
1.465	320.3915879784101	399.33693457322124
1.47	320.39158797841003	398.39248780420417
1.475	320.3915879784099	397.3732776796531
1.48	320.39158797841	396.27871128924363
1.485	320.3915879784099	395.1082466942278
1.49	320.39158797840986	393.86138817048186
1.495	320.39158797840975	392.5376940137169
1.5	320.3915879784098	391.136775465302
1.505	320.39158797840975	389.6583022335709
1.51	320.39158797840975	388.10200546504046
1.515	320.39158797840975	386.467684655777
1.52	320.3915879784098	384.7552123248766
1.525	320.3915879784099	382.96454125835567
1.53	320.3915879784102	381.0957100611521
1.535	320.3915879784104	379.1488540842878
1.54	320.3915879784103	377.1242091593189
1.545	320.3915879784103	375.0221232176874
1.55	320.39158797841026	372.8430645845702
1.555	320.39158797841037	370.5876292078888
1.56	320.3915879784103	368.2565514065362
1.565	320.3915879784103	365.850712632182
1.57	320.3915879784103	363.3711505097462
1.575	320.3915879784102	360.81906531504
1.58	320.3915879784102	358.1958355268858
1.585	320.3915879784102	355.50301608663756
1.59	320.39158797841026	352.74235240980573
1.595	320.3915879784104	349.9157867541238
1.6	320.3915879784103	347.0254985900201
1.605	320.3915879784103	344.07373581749874
1.61	320.3915879784106	341.06317134506406
1.615	320.39158797841026	337.9965530689718
1.62	320.3915879784102	334.8768873180023
1.625	320.3915879784102	331.7073998854239
1.63	320.39158797841026	328.4915427269677
1.635	320.3915879784102	325.23299033570197
1.64	320.39158797841026	321.9356321758965
1.645	320.39158797841026	318.6035964424849
1.65	320.3915879784103	315.2412039487444
1.655	320.39158797841026	311.85299835645657
1.66	320.3915879783467	308.44370878646913
1.665	320.39158797841026	305.01827228803967
1.67	320.3915879783468	301.5818034388549
1.675	320.3915879784103	298.1395869525635
1.68	320.3915879784103	294.6970643372234
1.685	320.3915879784103	291.25981956693516
1.69	320.39158797841026	287.8335606275448
1.695	320.39158797841026	284.42410371705336
1.7	320.3915879784103	281.0373506714444
1.705	320.3915879784102	277.6792689633932
1.71	320.3915879784102	274.3558684573492
1.715	320.3915879784103	271.07317711870775
1.72	320.39158797841054	267.83721419806216
1.725	320.3915879784103	264.65396288950456
1.73	320.3915879784102	261.5293498287144
1.735	320.3915879784103	258.46920234344924
1.74	320.3915879784103	255.47922844249177
1.745	320.39158797841026	252.56498262399336
1.75	320.39158797841026	249.731834665658
1.755	320.39158797841026	246.98494004305124
1.76	320.39158797841026	244.329204506719
1.765	320.39158797841026	241.76925454594183
1.77	320.3915879784103	239.30940616484983
1.775	320.39158797841026	236.9536324405988
1.78	320.39158797841026	234.70553400571035
1.785	320.3915879784102	232.56831110338507
1.79	320.39158797841026	230.54473398399233
1.795	320.3915879784105	228.63711763468308
1.8	320.3915879784102	226.8472970278202
1.805	320.39158797841	225.17660485383652
1.81	320.3915879784098	223.62585110771067
1.815	320.39158797840975	222.1953065898628
1.82	320.39158797840975	220.88468714094233
1.825	320.39158797840975	219.69314293967517
1.83	320.39158797840975	218.61924993318976
1.835	320.3915879784098	217.66100397852009
1.84	320.39158797840986	216.81582167460004
1.845	320.3915879784099	216.08053833291666
1.85	320.3915879784099	215.4514191966256
1.855	320.39158798003405	214.9241675089702
1.86	320.3915879798363	214.49393674983108
1.865	320.3915879796518	214.15534984397496
1.87	320.39158797948255	213.9025216660288
1.875	320.3915879793296	213.729082479308
1.88	320.39158797919316	213.6282086213122
1.885	320.3915879790728	213.5926552165701
1.89	320.3915879789676	213.61479184148902
1.895	320.39158797887643	213.68664282117467
1.9	320.3915879787981	213.79992878829384
1.905	320.3915879787312	213.9461130261752
1.91	320.3915879786745	214.11644801186057
1.915	320.39158797862694	214.30202610369722
1.92	320.39158797858704	214.4938292996087
1.925	320.39158797855384	214.68278434918102
1.93	320.3915879785264	214.8598155660715
1.935	320.3915879785038	215.01590060187888
1.94	320.3915879784853	215.14211895052213
1.945	320.39158797847017	215.22971738503696
1.95	320.39158797845795	215.2701560359763
1.955	320.3915879784481	215.25516116906326
1.96	320.39158797844004	215.17678009598282
1.965	320.3915879784336	215.02742895566502
1.97	320.39158797842856	214.79993858867908
1.975	320.3915879784244	214.48760145608048
1.98	320.39158797842106	214.08421177100908
1.985	320.39158797841833	213.58410392642438
1.99	320.39158797841617	212.98218780046938
1.995	320.3915879784141	212.27397843469234
2.0	320.3915879784127	211.45562306863815
2.005	320.39158797841054	210.5239246584259
2.01	320.3915879784086	209.47635745654011
2.015	320.3915879784062	208.31108142583147
2.02	320.39158797840355	207.02695069478423
2.025	320.39158797839974	205.62351540947859
2.03	320.3915879783946	204.10102334328383
2.035	320.3915879783875	202.46041097307423
2.04	320.3915879783777	200.70329467490177
2.045	320.391587978364	198.83195386918032
2.05	320.3915879783448	196.8493117527613
2.055	320.391587978318	194.75891085409577
2.06	320.3915879782807	192.56488425538092
2.065	320.3915879782288	190.27192383005345
2.07	320.3915879781566	187.8852438930869
2.075	320.39158797805646	185.41054234024946
2.08	320.39158797791805	182.8539572930812
2.085	320.3915879777269	180.22202363893686
2.09	320.3915879774632	177.52162458863162
2.095	320.39158797710087	174.75994324071266
2.1	320.3915879766037	171.94441125007583
2.105	320.3915879759229	169.0826573763425
2.11	320.39158797499266	166.182454891234
2.115	320.3915879737245	163.2516676247622
2.12	320.39158797199923	160.2981990252603
2.125	320.3915879696571	157.32993675462896
2.13	320.39158796648434	154.35470495893404
2.135	320.3915879621957	151.38021017522675
2.14	320.39158795641094	148.41399359819837
2.145	320.391587948625	145.4633852528749
2.15	320.391587938168	142.53545848597383
2.155	320.39158792415355	139.6369873838221
2.16	320.3915879054118	136.77440904118123
2.165	320.39158788040163	133.95378551590494
2.17	320.3915878470978	131.18077237460992
2.175	320.39158780284544	128.46058895905202
2.18	320.3915877441705	125.79799220095259
2.185	320.39158766653964	123.19725636811845
2.19	320.3915875640478	120.6621533117935
2.195	320.3915874290238	118.19594089390128
2.2	320.3915872515218	115.80135142567951
2.205	320.3915870186781	113.48058669546361
2.21	320.39158671389185	111.2353166695578
2.215	320.3915863157887	109.06668130274079
2.22	320.39158579691053	106.97529723940355
2.225	320.391585122065	104.96127618125439
2.23	320.3915842462489	103.02420594794856
2.235	320.39158311204557	101.16320484583285
2.24	320.3915816463686	99.3769514432533
2.245	320.391579756398	97.66365685322361
2.25	320.3915773245228	96.02112910395358
2.255	320.3915742020625	94.44679302861498
2.26	320.3915702014915	92.93772028441221
2.265	320.39156508683493	91.49066339032824
2.27	320.3915585618368	90.10209004115816
2.275	320.3915502554198	88.76821889696618
2.28	320.3915397038641	87.48505658198495
2.285	320.39152632902153	86.24843562457609
2.29	320.39150941175114	85.05405239806652
2.295	320.39148805961526	83.8975045107734
2.3	320.39146116769706	82.77433147577891
2.305	320.39142737120176	81.68004792195809
2.31	320.3913849882723	80.6101831405108
2.315	320.3913319511806	79.56031397666194
2.32	320.3912657237576	78.52610147782798
2.325	320.3911832025767	77.50332131346286
2.33	320.391080599015	76.48789465158386
2.335	320.3909532988805	75.47591209722397
2.34	320.390795695796	74.4636813097436
2.345	320.3906009939866	73.44770753159608
2.35	320.390360975504	72.42475821247784
2.355	320.39006572625055	71.39185893327092
2.36	320.3897033144297	70.34631482117652
2.365	320.38925941424554	69.28572203014846
2.37	320.38871686680403	68.20797853259378
2.375	320.38805516923605	67.11129184806506
2.38	320.38724988206354	65.9941827231607
2.385	320.38627194377943	64.85548745407134
2.39	320.38508688050626	63.69435674372051
2.395	320.3836538974536	62.51025229901477
2.4	320.38192483773486	61.30294110420924
2.405	320.37984299290383	60.07248691150803
2.41	320.3773417484194	58.81924014137013
2.415	320.3743430461005	57.54382521481519
2.42	320.37075564455256	56.24712650206546
2.425	320.366473157575	54.930272504663165
2.43	320.36137184969954	53.59461844023495
2.435	320.35530816733984	52.24172788443859
2.44	320.3481159835142	50.873353399406945
2.445	320.33960353440006	49.49141543911779
2.45	320.3295500244404	48.0979827747417
2.455	320.3177018806193	46.69524999933373
2.46	320.3037686332909	45.285516829033284
2.465	320.28741840580506	43.87116594077149
2.47	320.2682729955545	42.45464227045204
2.475	320.2459025322584	41.03843186330574
2.48	320.2198197026474	39.6250415145544
2.485	320.18947353488994	38.21697926027903
2.49	320.15424274108983	36.816735005164155
2.495	320.1134286220306	35.42676418535483
2.5	320.06624754509085	34.04946893568675
2.505	320.0118230139113	32.687183741932564
2.51	319.94917735697743	31.342161007834374
2.515	319.87722307177404	30.016557348468464
2.52	319.7947538715383	28.71242287159678
2.525	319.70043549282656	27.431690288357665
2.53	319.5927963340454	26.176166078001007
2.535	319.47021800765486	24.94752323661952
2.54	319.33092590181	23.74729514387087
2.545	319.1729798605864	22.576870811934697
2.55	318.994265105441	21.43749185207043
2.555	318.7924835339659	20.330250140418446
2.56	318.5651455450339	19.256087246594703
2.565	318.3095625518353	18.21579487422457
2.57	318.02284035573706	17.210016296032894
2.575	317.7018735640684	16.239248964815513
2.58	317.34334124342104	15.303848091786536
2.585	316.9437040066091	14.404030899920345
2.59	316.49920273558837	13.539881870749905
2.595	316.00585914410004	12.711358498049
2.6	315.45947838221804	11.918297741106741
2.605	314.85565388001305	11.160422911914475
2.61	314.18977461892655	10.437350793453522
2.615	313.4570350069156	9.748600071184775
2.62	312.652447516797	9.09359793253778
2.625	311.7708582263521	8.471688967287479
2.63	310.80696537359717	7.88214294483095
2.635	309.755341011189	7.324163005405368
2.64	308.61045581034523	6.796893587957062
2.645	307.36670702709705	6.299428373096938
2.65	306.0184496024845	5.83081792508444
2.655	304.5600303238329	5.390077184576856
2.66	302.9858249270327	4.976192686647172
2.665	301.29027797038134	4.588129389730049
2.67	299.46794525973274	4.224837236565122
2.675	297.5135385532332	3.885257281122737
2.68	295.42197222264303	3.5683274731850427
2.685	293.1884114981014	3.272987975709377
2.69	290.8083218751372	2.998186113624915
2.695	288.2775192177777	2.74288087284365
2.7	285.592220050774	2.5060469724377747
2.705	282.74909149822605	2.2866785210204794
2.71	279.7453002962413	2.0837922528832475
2.715	276.5785602846024	1.8964303535334934
2.72	273.2471777675501	1.7236628950409247
2.725	269.750094127465	1.5645898923340231
2.73	266.08692507801675	1.4183429960210994
2.735	262.2579959557126	1.284086840324119
2.74	258.2643724709717	1.1610200767263488
2.745	254.10788637200483	1.0483760911198314
2.75	249.79115551677424	0.9454234606489165
2.755	245.31759789989178	0.851466149046975
2.76	240.69143924194253	0.7658434484528743
2.765	235.9177138177722	0.6879297436537426
2.77	231.00225827681712	0.6171340618117384
2.775	225.95169829154662	0.5528994660405143
2.78	220.7734279583303	0.4947023021812023
2.785	215.47558196710986	0.4420513174432817
2.79	210.0670006507467	0.3944866745675441
2.795	204.5571881201665	0.35157889270075837
2.8	198.95626378591595	0.31292763899666665
2.805	193.27490765870522	0.2781606218926915
2.81	187.5242999094065	0.24693227260087425
2.815	181.7160552511397	0.21892254976668232
2.82	175.86215278105462	0.1938355688323507
2.825	169.97486198575496	0.1713983737726306
2.83	164.0666656708246	0.15135964104713234
2.835	158.15018062048324	0.13348841347947266
2.84	152.23807682720442	0.11757285607339078
2.845	146.34299615246655	0.1034190407753226
2.85	140.47747128832913	0.09084976552032846
2.855	134.65384588501308	0.07970341209248213
2.86	128.88419669225746	0.06983284661910961
2.865	123.18025853219794	0.061104365530411056
2.87	117.55335287950011	0.053396688847977186
2.875	112.01432077123216	0.04660000305034448
2.88	106.57346070553929	0.04061505348520236
2.885	101.24047211571626	0.035352287295378926
2.89	96.02440492618219	0.030731046313577166
2.895	90.93361561057272	0.026678810171200586
2.9	85.97573008126486	0.023130487538100073
2.905	81.15761364579089	0.020027755360309825
2.91	76.48534817038055	0.017318444064358847
2.915	71.96421649599351	0.014955967370460649
2.92	67.59869405920665	0.012898794781991425
2.925	63.39244758076594	0.011109964928387627
2.93	59.34834059985033	0.009556637587885712
2.935	55.46844555344854	0.00820968254066032
2.94	51.75406202878227	0.007043303023459271
2.945	48.20574075340546	0.006034691745242274
2.95	44.823312833163996	0.0051637173578858815
2.955	41.605923703215296	0.004412639350011438
2.96	38.552071222091094	0.0037658494166941552
2.965	35.65964731352913	0.003209637303535782
2.97	32.925982545416275	0.0027319793142357063
2.975	30.34789302949155	0.0023223476953519633
2.98	27.92172902902347	0.001971539168756245
2.985	25.64342467398221	0.0016715210880430815
2.99	23.508548203559883	0.0014152935903397523
2.995	21.512352183487614	0.001196766428226911
3.0	19.649823179545127	0.0010106490928971478
3.005	17.91573040803379	0.0008523529128942317
3.01	16.304672927766475	0.0007179042616326084
3.015	14.811124985334315	0.0006038674038625246
3.02	13.429479175015713	0.0005072762910888936
3.025	12.154087125717444	0.000425574320304574
3.03	10.979297478848109	0.0003565612026022409
3.035	9.899490972121773	0.0002983462120628271
3.04	8.909112494181795	0.0002493071257163836
3.045	8.002700022880854	0.00020805421867364728
3.05	7.174910405431635	0.000173398757959048
3.055	6.420541980904842	0.00014432547997116898
3.06	5.734554084274492	0.00011996859181198582
3.065	5.112083506051786	9.959088348551581e-5
3.07	4.548458012283395	8.256557946483353e-5
3.075	4.03920705617118	6.836059851180288e-5
3.08	3.5800698347600903	5.652492646115989e-5
3.085	3.167000862067297	4.667683859999227e-5
3.09	2.796173243806296	3.8493738400755734e-5
3.095	2.4639798486621003	3.170340640516316e-5
3.1	2.167032577138494	2.6076475880986532e-5
3.105	1.9021599315935258	2.1419974659874635e-5
3.11	1.6664030905240523	1.757179160468654e-5
3.115	1.4570106867854946	1.4395943154412558e-5
3.12	1.2714324835966009	1.1778531395437725e-5
3.125	1.1073121342376109	9.624297920043247e-6
3.13	0.9624792016655309	7.853691150113952e-6
3.135	0.834940603190518	6.400374379632899e-6
3.14	0.7228716332217122	5.209111921344303e-6
3.145	0.6246067042149924	4.2339790403693214e-6
3.15	0.5386299326330379	3.436848398811156e-6
3.155	0.4635656832274751	2.7861125658384902e-6
3.16	0.3981691715106329	2.255607380202994e-6
3.165	0.34131721110988034	1.8237061895917536e-6
3.17	0.2919991799670452	1.4725590166778695e-6
3.175	0.24930826720697344	1.1874544830137112e-6
3.18	0.21243305106976293	9.562855944470848e-7
3.185	0.18064944767111324	7.691031458712933e-7
3.19	0.15331306058755118	6.177430232775276e-7
3.195	0.12985195239822045	4.955156231259675e-7
3.2	0.10975985137016478	3.96947481305414e-7
3.205	0.09258979944926583	3.1756665823964474e-7
3.21	0.07794824159681635	2.5372476103009056e-7
3.215	0.06548955126159846	2.0244957270516763e-7
3.22	0.05491098235712948	1.6132322324568385e-7
3.225	0.04594803447302521	1.283816297917825e-7
3.23	0.03837021513092796	1.0203162477607125e-7
3.235	0.03197718063781927	8.098276455301883e-8
3.24	0.026595235428657334	6.419130842894649e-8
3.245	0.02207416866140097	5.0814264722055326e-8
3.25	0.018284406166171933	4.0171755120459436e-8
3.255	0.01511445559402181	3.17162378046219e-8
3.26	0.012468622699492398	2.5007379074903757e-8
3.265	0.010264977068444843	1.9691567910710806e-8
3.27	0.008433546215916089	1.5485241423959852e-8
3.275	0.006914717779905958	1.2161333043106667e-8
3.28	0.005657830482468477	9.53827534830241e-9
3.285	0.004619935580395795	7.471089803631637e-9
3.29	0.0037647116499801266	5.844178064916688e-9
3.295	0.0030615167141565883	4.565499084875774e-9
3.3	0.0024845629004896087	3.561872511506048e-9
3.305	0.0020121999937531654	2.7751964233421247e-9
3.31	0.001626295399875295	2.1594058909116376e-9
3.315	0.00131169915481516	1.6780310358820248e-9
3.32	0.0010557836816989215	1.3022393101486785e-9
3.325	0.0008480490141973111	1.0092683939046224e-9
3.33	0.0006797851580583707	7.811735982264819e-10
3.335	0.0005437841523689651	6.038282175293201e-10
3.34	0.0004340952157444618	4.661269007470742e-10
3.345	0.00034581711994469794	3.593517774127293e-10
3.35	0.00027492262530337216	2.7666883740536493e-10
3.355	0.00021811044070914296	2.1272839378202298e-10
3.36	0.00017268073830409118	1.633485915811261e-10
3.365	0.0001364307627267974	1.2526507255777952e-10
3.37	0.0001075675301622227	9.593326116498088e-11
3.375	8.463501744305055e-5	7.33724564105212e-11
3.38	6.645359987010997e-5	5.604299511472109e-11
3.385	5.206981219443067e-5	4.27497916358643e-11
3.39	4.071478418356574e-5	3.256650366765205e-11
3.395	3.1769944111840376e-5	2.4776080784912e-11
3.4	2.473879393316066e-5	1.8824279519232283e-11
3.405	1.922374218044895e-5	1.4283292832566332e-11
3.41	1.4907137929263388e-5	1.0823369329076656e-11
3.415	1.153578437093659e-5	8.190694258332796e-12
3.42	8.908326327732294e-6	6.190175846190266e-12
3.425	6.865004834311403e-6	4.672068740456316e-12
3.43	5.279355897026534e-6	3.5215946295827514e-12
3.435	4.051501691166192e-6	2.6508999212389167e-12
3.44	3.1027425191304106e-6	1.9928337019137007e-12
3.445	2.3712083833989113e-6	1.496140810815504e-12
3.45	1.8083713964686696e-6	1.121753638505491e-12
3.455	1.3762556562313892e-6	8.399356805087367e-13
3.46	1.045210706566454e-6	6.280844170531228e-13
3.465	7.921391879475499e-7	4.690437635917194e-13
3.47	5.990895464790925e-7	3.498098096723988e-13
3.475	4.5214138684057683e-7	2.6053962369833377e-13
3.48	3.405248027700576e-7	1.937932576467874e-13
3.485	2.5592629029874156e-7	1.43954925690216e-13
3.49	1.9194306181351413e-7	1.067916455242112e-13
3.495	1.4365508638007048e-7	7.911718056832605e-14
3.5	1.0729028097034415e-7	5.853653225858939e-14
