V, MHC_k, MHC_DOS_k
-5.0	0.42212754017191756	0.2193303543291546
-4.995	0.4221275401719176	0.22244859713558854
-4.99	0.42212754017191756	0.22569835591528098
-4.985	0.4221275401719176	0.22908033927910973
-4.98	0.42212754017191767	0.2325948309497161
-4.975	0.4221275401719176	0.23624167605414134
-4.97	0.42212754017191784	0.24002026947871297
-4.965	0.42212754017191767	0.24392954357234228
-4.96	0.4221275401719178	0.24796796542290403
-4.955	0.42212754017191784	0.2521335300331188
-4.95	0.42212754017191784	0.2564237594070385
-4.945	0.42212754017191784	0.2608357039934768
-4.94	0.4221275401719178	0.26536594695720594
-4.935	0.4221275401719177	0.2700106196319243
-4.93	0.42212754017191767	0.2747653765917899
-4.925	0.42212754017191756	0.27962546229866614
-4.92	0.4221275401719175	0.2845856896505356
-4.915	0.42212754017191745	0.28964046781022906
-4.91	0.4221275401719173	0.2947838225883393
-4.905	0.4221275401719171	0.30000942191745616
-4.9	0.42212754017191706	0.30531059792867654
-4.895	0.42212754017191684	0.31068037822829897
-4.89	0.4221275401719166	0.3161115148304417
-4.885	0.4221275401719165	0.32159651587289767
-4.88	0.42212754017191784	0.3271276796404301
-4.875	0.42212754017191784	0.3326971297311259
-4.87	0.42212754017191784	0.3382968508354416
-4.865	0.4221275401719177	0.34391872704527704
-4.86	0.4221275401719178	0.3495545793030614
-4.855	0.4221275401719178	0.3551962040186886
-4.85	0.4221275401719179	0.36083541252546864
-4.845	0.42212754017191767	0.3664640692024637
-4.84	0.42212754017191767	0.37207413010384005
-4.835	0.4221275401719177	0.3776576810741394
-4.83	0.42212754017191767	0.3832069750008088
-4.825	0.42212754017191767	0.38871446711279867
-4.82	0.42212754017191767	0.39417285187039147
-4.815	0.42212754017191767	0.3995750920172736
-4.81	0.42212754017191784	0.4049144558725397
-4.805	0.42212754017191784	0.4101845412568996
-4.8	0.4221275401719179	0.41537930410141033
-4.795	0.4221275401719178	0.4204930860376003
-4.79	0.42212754017191784	0.42552063480432545
-4.785	0.4221275401719178	0.4304571234012253
-4.78	0.42212754017191784	0.43529816930372167
-4.775	0.42212754017191784	0.4400398476096917
-4.77	0.4221275401719178	0.444678701683627
-4.765	0.42212754017191784	0.44921175712212424
-4.76	0.4221275401719178	0.4536365205930766
-4.755	0.4221275401719177	0.4579509847010527
-4.75	0.42212754017191767	0.4621536382402351
-4.745	0.4221275401719177	0.46624344908647314
-4.74	0.42212754017191767	0.4702198683943509
-4.735	0.42212754017191767	0.4740828230992308
-4.73	0.42212754017191767	0.4778327045773008
-4.725	0.4221275401719176	0.4814703595528336
-4.72	0.42212754017191767	0.48499707516527657
-4.715	0.42212754017191756	0.48841456455840576
-4.71	0.42212754017191756	0.49172495085452683
-4.705	0.4221275401719175	0.4949307493326405
-4.7	0.4221275401719174	0.4980348493922009
-4.695	0.4221275401719174	0.5010404923236725
-4.69	0.4221275401719173	0.5039512552183542
-4.685	0.42212754017191717	0.5067709975476988
-4.68	0.4221275401719171	0.5095039665523087
-4.675	0.4221275401719154	0.5121545790474462
-4.67	0.42212754017191545	0.5147275494717214
-4.665	0.4221275401719154	0.5172277940300778
-4.66	0.42212754017191517	0.5196604693692656
-4.655	0.42212754017191484	0.5220309126475112
-4.65	0.42212754017191456	0.5243446358054925
-4.645	0.4221275401719138	0.5266073060222869
-4.64	0.4221275401719127	0.5288247298649615
-4.635	0.422127540171911	0.5310028375034481
-4.63	0.4221275401719089	0.5331476683681754
-4.625	0.42212754017190585	0.535265362486231
-4.62	0.4221275401719018	0.5373621267609485
-4.615	0.42212754017189635	0.5394442561258291
-4.61	0.42212754017188914	0.5415181007189929
-4.605	0.4221275401718796	0.5435900608261478
-4.6	0.42212754017186693	0.5456665815371909
-4.595	0.4221275401718503	0.5477541393802324
-4.59	0.42212754017182824	0.549859239047614
-4.585	0.4221275401717998	0.551988402302461
-4.58	0.42212754017176307	0.5541481659148337
-4.575	0.42212754017171544	0.55634507221592
-4.57	0.4221275401716542	0.5585856644369305
-4.565	0.42212754017157594	0.5608764773357799
-4.56	0.42212754017147625	0.563224034946899
-4.555	0.42212754017135	0.5656348425186296
-4.55	0.42212754017119114	0.5681153783738864
-4.545	0.4221275401709926	0.5706720956243121
-4.54	0.42212754017074616	0.573311381735619
-4.535	0.4221275401704423	0.5760396003982645
-4.53	0.4221275401700715	0.5788630474529277
-4.525	0.42212754016962273	0.5817879501630704
-4.52	0.4221275401690861	0.5848204565899472
-4.515	0.42212754016845266	0.5879666241700728
-4.51	0.42212754016771686	0.5912324075435504
-4.505	0.42212754016694154	0.5946236452466671
-4.5	0.4221275401660142	0.5981460471138373
-4.495	0.4221275401650157	0.6018051762118206
-4.49	0.4221275401639939	0.6056064382890868
-4.485	0.42212754016302984	0.6095550623539232
-4.48	0.4221275401622518	0.6136560864082277
-4.475	0.4221275401618549	0.6179143383077086
-4.47	0.4221275401621272	0.6223344194078466
-4.465	0.42212754019131593	0.6269206865923502
-4.46	0.42212754019638665	0.631677234212628
-4.455	0.4221275401720085	0.6366078765753139
-4.45	0.4221275401720081	0.6417161272614843
-4.445	0.4221275401720069	0.6470051840100164
-4.44	0.42212754017200416	0.6524779123218764
-4.435	0.42212754017199905	0.6581368225156272
-4.43	0.4221275401719906	0.6639840570490625
-4.425	0.42212754017192916	0.670021373079861
-4.42	0.42212754017192716	0.6762501268344281
-4.415	0.42212754017192555	0.682671258798467
-4.41	0.4221275401719241	0.6892852785732481
-4.405	0.4221275401719229	0.6960922567958504
-4.4	0.4221275401719219	0.7030918062517251
-4.395	0.4221275401719211	0.7102830798498111
-4.39	0.4221275401719207	0.7176647475811921
-4.385	0.42212754017192017	0.7252350055583917
-4.38	0.42212754017191967	0.7329915596297627
-4.375	0.42212754017191934	0.7409316221981047
-4.37	0.4221275401719191	0.7490519093088503
-4.365	0.42212754017191884	0.7573486396725814
-4.36	0.42212754017191856	0.7658175307893532
-4.355	0.42212754017191856	0.7744538081092501
-4.35	0.42212754017191834	0.7832521968691349
-4.345	0.4221275401719183	0.7922069395905608
-4.34	0.422127540171918	0.8013117944872988
-4.335	0.42212754017191795	0.8105600473135423
-4.33	0.4221275401719179	0.8199445158392108
-4.325	0.4221275401719179	0.8294575691602579
-4.32	0.4221275401719178	0.8390911374227155
-4.315	0.4221275401719177	0.8488367256836797
-4.31	0.42212754017191767	0.8586854311675325
-4.305	0.4221275401719176	0.8686279616914441
-4.3	0.42212754017191745	0.8786546548254375
-4.295	0.42212754017191734	0.8887554976149057
-4.29	0.42212754017191717	0.8989201531874237
-4.285	0.422127540171917	0.9091379778916665
-4.28	0.42212754017191684	0.919398045696838
-4.275	0.4221275401719166	0.929689191486281
-4.27	0.4221275401719164	0.9400000088952213
-4.265	0.42212754017191617	0.95031889881704
-4.26	0.42212754017191756	0.960634092438613
-4.255	0.42212754017191756	0.9709336834611291
-4.25	0.42212754017191756	0.981205648659773
-4.245	0.42212754017191756	0.9914378926049324
-4.24	0.42212754017191767	1.0016182688880244
-4.235	0.42212754017191745	1.0117346191590333
-4.23	0.4221275401719176	1.021774797520626
-4.225	0.4221275401719176	1.0317267084772936
-4.22	0.42212754017191756	1.041578335848382
-4.215	0.42212754017191767	1.0513177790801302
-4.21	0.42212754017191767	1.0609326297455668
-4.205	0.4221275401719176	1.0704132652037919
-4.2	0.42212754017191767	1.0797463662319062
-4.195	0.4221275401719175	1.088921446230506
-4.19	0.4221275401719174	1.097927668758047
-4.185	0.42212754017191745	1.1067544712932276
-4.18	0.4221275401719175	1.1153916422874097
-4.175	0.4221275401719175	1.1238293294045902
-4.17	0.42212754017191745	1.1320580722945657
-4.165	0.4221275401719175	1.1400688324390715
-4.16	0.4221275401719175	1.1478530192730534
-4.155	0.42212754017191745	1.1554025132198205
-4.15	0.4221275401719175	1.1627096972147064
-4.145	0.42212754017191745	1.1697674807143312
-4.14	0.42212754017191745	1.176569318023854
-4.135	0.42212754017192616	1.1831092356392974
-4.13	0.4221275401719175	1.1893818518226211
-4.125	0.42212754017191756	1.195382396978859
-4.12	0.42212754017191756	1.2011067324074902
-4.115	0.42212754017191745	1.2065513690231
-4.11	0.4221275401719175	1.2117134826607807
-4.105	0.42212754017191756	1.2165909273377302
-4.1	0.42212754017191756	1.2211822526393765
-4.095	0.4221275401719175	1.225486712647251
-4.09	0.42212754017191756	1.2295042779202947
-4.085	0.4221275401719175	1.2332356400242255
-4.08	0.4221275401719175	1.236682223835336
-4.075	0.42212754017191756	1.2398461888695367
-4.07	0.42212754017191745	1.2427304327800093
-4.065	0.4221275401719176	1.2453385924489664
-4.06	0.4221275401719175	1.2476750411529849
-4.055	0.4221275401719161	1.2497448855407918
-4.05	0.42212754017191634	1.2515539617692253
-4.045	0.4221275401719166	1.2531088256865912
-4.04	0.4221275401719167	1.2544167353215072
-4.035	0.4221275401719169	1.255485649903408
-4.03	0.4221275401719171	1.2563241996111671
-4.025	0.4221275401719173	1.2569416709433892
-4.02	0.4221275401719174	1.2573479954750701
-4.015	0.4221275401719175	1.2575537049158734
-4.01	0.4221275401719176	1.2575699160007172
-4.005	0.42212754017191767	1.2574082956583257
-4.0	0.4221275401719178	1.2570810269097545
-3.995	0.4221275401719178	1.256600770169152
-3.99	0.42212754017191784	1.2559806289777253
-3.985	0.4221275401719178	1.2552341017009567
-3.98	0.4221275401719178	1.2543750294342846
-3.975	0.4221275401719178	1.253417567205459
-3.97	0.4221275401719178	1.2523761070737962
-3.965	0.4221275401719177	1.2512652515622065
-3.96	0.4221275401719178	1.2500997422204052
-3.955	0.4221275401719178	1.2488944071182284
-3.95	0.4221275401719177	1.2476641021262265
-3.945	0.4221275401719177	1.246423651914946
-3.94	0.4221275401719178	1.2451877888774279
-3.935	0.4221275401719177	1.2439710920790874
-3.93	0.4221275401719177	1.2427879266447148
-3.925	0.42212754017191767	1.2416523794345866
-3.92	0.42212754017191767	1.2405782021241136
-3.915	0.42212754017191767	1.239578748598803
-3.91	0.4221275401719177	1.2386669183625207
-3.905	0.4221275401719176	1.2378550969332387
-3.9	0.4221275401719177	1.2371551021739804
-3.895	0.42212754017191756	1.2365781339162876
-3.89	0.4221275401719177	1.2361347203936932
-3.885	0.4221275401719177	1.2358346732642227
-3.88	0.4221275401719178	1.2356870494484562
-3.875	0.4221275401719178	1.2357001048687106
-3.87	0.4221275401719177	1.2358812668653636
-3.865	0.4221275401719177	1.2362370927494335
-3.86	0.4221275401719178	1.2367732607161965
-3.855	0.42212754017191784	1.2374945379494549
-3.85	0.4221275401719178	1.238404769437006
-3.845	0.42212754017191767	1.2395068645546032
-3.84	0.42212754017191784	1.2408027975777236
-3.835	0.4221275401719177	1.2422936049798303
-3.83	0.4221275401719178	1.2439793926215434
-3.825	0.4221275401719178	1.2458593396943693
-3.82	0.42212754017191767	1.2479317463952764
-3.815	0.4221275401719176	1.250194008420625
-3.81	0.42212754017191767	1.2526426799384096
-3.805	0.42212754017191767	1.255273492920526
-3.8	0.42212754017191767	1.2580813954512162
-3.795	0.4221275401719176	1.2610605893054232
-3.79	0.4221275401719176	1.2642045889022362
-3.785	0.42212754017191767	1.267506248286743
-3.78	0.42212754017191767	1.2709578280186855
-3.775	0.4221275401719177	1.2745510461593745
-3.77	0.4221275401719177	1.2782771356340101
-3.765	0.4221275401719177	1.2821269036727445
-3.76	0.4221275401719178	1.2860907928947058
-3.755	0.4221275401719177	1.2901589481478617
-3.75	0.4221275401719177	1.2943212602728262
-3.745	0.4221275401719177	1.298567461987339
-3.74	0.4221275401719177	1.3028871667909208
-3.735	0.4221275401719177	1.307269932242176
-3.73	0.4221275401719178	1.311705332968235
-3.725	0.4221275401719178	1.3161830144396631
-3.72	0.4221275401719178	1.3206927567910622
-3.715	0.4221275401719178	1.3252245231042987
-3.71	0.4221275401719178	1.3297685150119962
-3.705	0.4221275401719177	1.3343152313320137
-3.7	0.42212754017191767	1.3388554202076361
-3.695	0.42212754017191767	1.3433804965005678
-3.69	0.42212754017191767	1.3478820051814855
-3.685	0.4221275401719175	1.3523520735713654
-3.68	0.4221275401719174	1.3567833148119763
-3.675	0.42212754017191734	1.3611688781455413
-3.67	0.42212754017191717	1.3655024689753374
-3.665	0.42212754017191695	1.3697783779986628
-3.66	0.4221275401719167	1.3739914874589174
-3.655	0.4221275401719166	1.3781373122533203
-3.65	0.42212754017191634	1.382211981122313
-3.645	0.42212754017191606	1.3862122532878194
-3.64	0.42212754017191756	1.390135539281856
-3.635	0.4221275401719176	1.3939798872519065
-3.63	0.4221275401719176	1.3977439851184001
-3.625	0.42212754017191756	1.401427156829463
-3.62	0.4221275401719176	1.4050293516431323
-3.615	0.4221275401719175	1.408551139251848
-3.61	0.4221275401719176	1.4119936945690978
-3.605	0.42212754017191756	1.4153587708571262
-3.6	0.42212754017191767	1.4186487402246672
-3.595	0.42212754017191756	1.4218664885856303
-3.59	0.4221275401719176	1.4250154576349647
-3.585	0.4221275401719176	1.4280996092649973
-3.58	0.4221275401719176	1.4311234059202078
-3.575	0.42212754017191756	1.434091785112151
-3.57	0.4221275401719176	1.4370101432608084
-3.565	0.42212754017191756	1.4398843165882085
-3.56	0.42212754017191756	1.4427205350711592
-3.555	0.4221275401719176	1.4455254292348305
-3.55	0.42212754017191756	1.4483059959261841
-3.545	0.42212754017191756	1.451069571939213
-3.54	0.4221275401719176	1.4538238174111817
-3.535	0.4221275401719175	1.4565766879087527
-3.53	0.42212754017191756	1.459336415747352
-3.525	0.4221275401719175	1.4621113974507702
-3.52	0.4221275401719176	1.4649106212745766
-3.515	0.42212754017191756	1.4677427438168935
-3.51	0.4221275401719176	1.4706169728779652
-3.505	0.42212754017191756	1.4735425919784084
-3.5	0.42212754017191756	1.4765290298046576
-3.495	0.42212754017191756	1.4795858384648173
-3.49	0.4221275401719176	1.4827225772297532
-3.485	0.42212754017191756	1.4859491600128256
-3.48	0.4221275401719176	1.4892752166012166
-3.475	0.42212754017191756	1.4927107204418655
-3.47	0.42212754017191756	1.496265499308331
-3.465	0.42212754017191756	1.4999491727936227
-3.46	0.42212754017191767	1.5037717992811106
-3.455	0.42212754017191767	1.5077429024548117
-3.45	0.4221275401719177	1.5118721920241882
-3.445	0.42212754017191767	1.5161691985724393
-3.44	0.42212754017191756	1.520643261702906
-3.435	0.4221275401719162	1.525303775724957
-3.43	0.42212754017191645	1.5301596192642186
-3.425	0.4221275401719167	1.5352196769057478
-3.42	0.42212754017191684	1.5404925232697555
-3.415	0.422127540171917	1.5459867495476685
-3.41	0.4221275401719171	1.5517098635402946
-3.405	0.4221275401719173	1.5576698095592756
-3.4	0.42212754017191745	1.5638736339432544
-3.395	0.42212754017191756	1.5703289085947785
-3.39	0.4221275401719176	1.5770422598191096
-3.385	0.4221275401719177	1.584019188781495
-3.38	0.4221275401719178	1.5912657339499856
-3.375	0.4221275401719178	1.598787142061962
-3.37	0.42212754017191784	1.6065881800241617
-3.365	0.42212754017191795	1.6146731070719758
-3.36	0.422127540171918	1.623045671458169
-3.355	0.4221275401719181	1.6317090739537035
-3.35	0.42212754017191817	1.6406659911919632
-3.345	0.4221275401719183	1.6499185090982562
-3.34	0.4221275401719184	1.6594677047907254
-3.335	0.4221275401719186	1.6693154813932476
-3.33	0.4221275401719189	1.67946176983388
-3.325	0.42212754017191917	1.6899063896187094
-3.32	0.42212754017191956	1.7006485845163193
-3.315	0.42212754017192	1.7116870293937394
-3.31	0.4221275401719206	1.7230198324548573
-3.305	0.4221275401719213	1.7346445483253787
-3.3	0.4221275401719221	1.7465581857334238
-3.295	0.42212754017192317	1.7587572209457156
-3.29	0.42212754017192444	1.7712376124443054
-3.285	0.422127540171926	1.7839948174185032
-3.28	0.4221275401719277	1.7970238098575544
-3.275	0.4221275401719298	1.8103191001041492
-3.27	0.42212754017199344	1.8238747559429733
-3.265	0.42212754017200077	1.8376844283766125
-3.26	0.422127540172005	1.8517413549195367
-3.255	0.4221275401720072	1.8660384117826814
-3.25	0.42212754017200815	1.8805681176017215
-3.245	0.4221275401720083	1.8953226618888275
-3.24	0.4221275401947415	1.9102939256803393
-3.235	0.42212754018999554	1.9254735111921515
-3.23	0.422127540161953	1.9408527530081374
-3.225	0.42212754016191917	1.9564227455198588
-3.22	0.4221275401624563	1.9721743610484372
-3.215	0.4221275401633073	1.9880982675152592
-3.21	0.42212754016429976	2.0041849452423484
-3.205	0.4221275401653214	2.0204247022348163
-3.2	0.4221275401663025	2.0368076861662003
-3.195	0.42212754016720255	2.053323896075105
-3.19	0.4221275401679492	2.069963199045887
-3.185	0.4221275401686539	2.0867153061014525
-3.18	0.42212754016925735	2.103569820666053
-3.175	0.42212754016976656	2.1205162205334256
-3.17	0.4221275401701907	2.1375438515341396
-3.165	0.4221275401705404	2.154641930960625
-3.16	0.42212754017082593	2.171799561993395
-3.155	0.4221275401710571	2.1890057005676535
-3.15	0.422127540171243	2.206249167243563
-3.145	0.42212754017139126	2.2235186359207586
-3.14	0.422127540171509	2.240802621052622
-3.135	0.42212754017160176	2.258089479637513
-3.13	0.4221275401716745	2.275367365086172
-3.125	0.42212754017173126	2.292624308104324
-3.12	0.42212754017177534	2.3098480708368876
-3.115	0.4221275401718095	2.3270262377604713
-3.11	0.4221275401718356	2.344146198295456
-3.105	0.42212754017185583	2.3611950798023575
-3.1	0.42212754017187115	2.3781597951280555
-3.095	0.4221275401718827	2.3950270234478515
-3.09	0.4221275401718915	2.4117830702664804
-3.085	0.42212754017189824	2.428414308520907
-3.08	0.4221275401719032	2.444906581335127
-3.075	0.4221275401719069	2.461245574234938
-3.07	0.4221275401719096	2.477416729359087
-3.065	0.42212754017191156	2.4934052584599717
-3.06	0.422127540171913	2.5091961498542052
-3.055	0.42212754017191406	2.5247741831968247
-3.05	0.42212754017191473	2.5401239465628906
-3.045	0.4221275401719152	2.555229856870845
-3.04	0.42212754017191545	2.570076183690098
-3.035	0.4221275401719156	2.5846470774612618
-3.03	0.4221275401719156	2.59892659594028
-3.025	0.4221275401719172	2.6128987444085388
-3.02	0.42212754017191734	2.6265475705585546
-3.015	0.42212754017191734	2.6398569527904905
-3.01	0.4221275401719175	2.65281104486326
-3.005	0.42212754017191745	2.6653940005657177
-3.0	0.4221275401719175	2.677590183500049
-2.995	0.42212754017191756	2.689384143894564
-2.99	0.4221275401719175	2.7007607006301644
-2.985	0.4221275401719176	2.7117049783630756
-2.98	0.4221275401719175	2.722202518340962
-2.975	0.4221275401719175	2.732239258234156
-2.97	0.42212754017191756	2.741801642361946
-2.965	0.42212754017191756	2.750876669432556
-2.96	0.4221275401719176	2.759451948698023
-2.955	0.42212754017191756	2.7675157782951683
-2.95	0.4221275401719175	2.7750571849705747
-2.945	0.42212754017191756	2.78206598427988
-2.94	0.42212754017191756	2.78853284452945
-2.935	0.42212754017191767	2.7944493646200246
-2.93	0.4221275401719176	2.799808084293246
-2.925	0.4221275401719175	2.804602585215766
-2.92	0.4221275401719176	2.8088275246966887
-2.915	0.4221275401719176	2.8124786483213
-2.91	0.42212754017191756	2.815552897032247
-2.905	0.4221275401719176	2.8180484115415263
-2.9	0.42212754017191756	2.8199645751971505
-2.895	0.4221275401719176	2.8213020491605154
-2.89	0.42212754017191756	2.822062801146813
-2.885	0.4221275401719176	2.8222501292225415
-2.88	0.42212754017191767	2.821868681171864
-2.875	0.42212754017191756	2.82092446416945
-2.87	0.42212754017191756	2.8194248712132097
-2.865	0.4221275401719176	2.817378626625623
-2.86	0.42212754017191756	2.8147958488383122
-2.855	0.4221275401719176	2.811688001548586
-2.85	0.4221275401719176	2.8080680498272685
-2.845	0.4221275401719175	2.80394979148217
-2.84	0.42212754017191745	2.7993487101265115
-2.835	0.4221275401719175	2.79428153372896
-2.83	0.42212754017191756	2.788766008358086
-2.825	0.42212754017191767	2.782821082279908
-2.82	0.4221275401719161	2.776466772266984
-2.815	0.42212754017191634	2.7697241053726653
-2.81	0.42212754017191656	2.7626150380035543
-2.805	0.42212754017191667	2.7551623817015627
-2.8	0.42212754017191695	2.747389720986847
-2.795	0.4221275401719171	2.7393212877154376
-2.79	0.4221275401719172	2.7309819156057804
-2.785	0.42212754017191745	2.7223968962024077
-2.78	0.4221275401719175	2.713591898414445
-2.775	0.4221275401719176	2.704592838489948
-2.77	0.42212754017191767	2.6954257782186284
-2.765	0.4221275401719178	2.686116810368173
-2.76	0.42212754017191767	2.6766919301420686
-2.755	0.4221275401719178	2.667176956092677
-2.75	0.4221275401719178	2.6575973241834223
-2.745	0.4221275401719178	2.647978089014664
-2.74	0.4221275401719178	2.6383437357435193
-2.735	0.42212754017191784	2.6287180894337148
-2.73	0.4221275401719177	2.6191242171119096
-2.725	0.4221275401719177	2.6095842962099107
-2.72	0.42212754017191784	2.6001195492844533
-2.715	0.4221275401719178	2.5907501526907755
-2.71	0.4221275401719177	2.5814951523741123
-2.705	0.42212754017191767	2.5723723772646716
-2.7	0.4221275401719177	2.5633983867073327
-2.695	0.4221275401719178	2.554588416160683
-2.69	0.4221275401719177	2.545956330035421
-2.685	0.4221275401719177	2.5375145887520865
-2.68	0.4221275401719177	2.5292742261014847
-2.675	0.4221275401719177	2.521244837042362
-2.67	0.4221275401719177	2.5134345816623154
-2.665	0.42212754017191767	2.5058501907170196
-2.66	0.42212754017191767	2.4984969963574604
-2.655	0.4221275401719177	2.491378959871242
-2.65	0.42212754017191756	2.484498722509435
-2.645	0.42212754017191784	2.477857660919527
-2.64	0.4221275401719177	2.471455954235297
-2.635	0.4221275401719178	2.465292660480407
-2.63	0.4221275401719177	2.4593658037829718
-2.625	0.4221275401719177	2.4536724659342726
-2.62	0.4221275401719178	2.4482088921350575
-2.615	0.4221275401719178	2.44297058641796
-2.61	0.4221275401719178	2.437952466288748
-2.605	0.4221275401719178	2.433148873247346
-2.6	0.4221275401719178	2.4285538289036572
-2.595	0.4221275401719178	2.424161076224906
-2.59	0.4221275401719178	2.419964216508387
-2.585	0.4221275401719178	2.4159568334114367
-2.58	0.42212754017191767	2.4121326073468405
-2.575	0.42212754017191767	2.4084854396313933
-2.57	0.42212754017191767	2.4050095569720287
-2.565	0.42212754017191767	2.4016996273334
-2.56	0.42212754017191767	2.398550844427777
-2.555	0.42212754017191767	2.395559039305297
-2.55	0.42212754017191767	2.3927207478471995
-2.545	0.42212754017191767	2.3900332895746073
-2.54	0.4221275401719177	2.3874948300404246
-2.535	0.42212754017191767	2.385104443943391
-2.53	0.4221275401719176	2.3828621464509685
-2.525	0.4221275401719177	2.3807689275587265
-2.52	0.4221275401719178	2.3788267634245663
-2.515	0.4221275401719178	2.377038620865737
-2.51	0.4221275401719177	2.375408490834967
-2.505	0.4221275401719178	2.3739412979935204
-2.5	0.4221275401719178	2.3726429145847714
-2.495	0.4221275401719178	2.371520132734027
-2.49	0.4221275401719178	2.3705805510464395
-2.485	0.4221275401719178	2.369832573653035
-2.48	0.4221275401719178	2.3692852881990305
-2.475	0.4221275401719178	2.368948439787994
-2.47	0.4221275401719178	2.368832279357645
-2.465	0.4221275401719177	2.3689474848306964
-2.46	0.42212754017191767	2.3693050660254737
-2.455	0.42212754017191756	2.369916250089065
-2.45	0.42212754017191756	2.3707923758128397
-2.445	0.42212754017191745	2.371944745230429
-2.44	0.4221275401719173	2.3733845529439663
-2.435	0.42212754017191717	2.375122739145927
-2.43	0.4221275401719169	2.3771698815470104
-2.425	0.4221275401719167	2.3795360801239984
-2.42	0.42212754017191656	2.3822308446752607
-2.415	0.42212754017191645	2.3852629985428697
-2.41	0.42212754017191617	2.3886405688055476
-2.405	0.4221275401719176	2.392370706891299
-2.4	0.4221275401719176	2.39645959015197
-2.395	0.4221275401719176	2.4009123544093134
-2.39	0.4221275401719176	2.405733003659852
-2.385	0.4221275401719176	2.410924444740436
-2.38	0.4221275401719175	2.4164883075792214
-2.375	0.4221275401719176	2.4224250022170613
-2.37	0.4221275401719176	2.4287336712274263
-2.365	0.42212754017191756	2.435412179838436
-2.36	0.4221275401719176	2.442457116998803
-2.355	0.42212754017191767	2.449863805262695
-2.35	0.42212754017191756	2.457626326468199
-2.345	0.42212754017191767	2.4657375694057517
-2.34	0.4221275401719176	2.47418921427052
-2.335	0.42212754017191756	2.482971876450806
-2.33	0.4221275401719262	2.4920751087657913
-2.325	0.4221275401719176	2.5014874894652372
-2.32	0.42212754017191756	2.5111966981055596
-2.315	0.4221275401719175	2.521189598611992
-2.31	0.42212754017191756	2.531452342540832
-2.305	0.42212754017191756	2.541970436737455
-2.3	0.42212754017191756	2.5527288658336085
-2.295	0.42212754017191756	2.563712178112666
-2.29	0.4221275401719175	2.5749045874555843
-2.285	0.42212754017191756	2.5862900700914055
-2.28	0.4221275401719175	2.5978524694785
-2.275	0.4221275401719175	2.609575578591155
-2.27	0.42212754017191767	2.6214432522472624
-2.265	0.42212754017191767	2.6334394281240563
-2.26	0.42212754017191767	2.645548306772211
-2.255	0.42212754017191767	2.657754349691979
-2.25	0.42212754017191767	2.670042364275679
-2.245	0.4221275401719176	2.682397559853945
-2.24	0.42212754017191767	2.694805591607079
-2.235	0.42212754017191767	2.7072526008929647
-2.23	0.4221275401719176	2.7197252419268545
-2.225	0.42212754017191767	2.732210694073828
-2.22	0.4221275401719176	2.7446966701836133
-2.215	0.4221275401719175	2.757171383479651
-2.21	0.42212754017191756	2.769623643570887
-2.205	0.4221275401719176	2.7820426339942257
-2.2	0.4221275401719163	2.7944180921834545
-2.195	0.42212754017191645	2.8067400813623906
-2.19	0.4221275401719168	2.8189990388531885
-2.185	0.4221275401719171	2.8311856854063784
-2.18	0.4221275401719174	2.843290953312944
-2.175	0.42212754017191767	2.855305907470926
-2.17	0.42212754017191806	2.867221659693346
-2.165	0.42212754017191845	2.879029285801064
-2.16	0.4221275401719189	2.890719707373507
-2.155	0.42212754017191956	2.9022836283093945
-2.15	0.42212754017192045	2.9137114130449238
-2.145	0.42212754017192144	2.9249930128553188
-2.14	0.42212754017192294	2.936117785360743
-2.135	0.4221275401719249	2.94707451624896
-2.13	0.4221275401719276	2.9578512464935396
-2.125	0.4221275401719312	2.968435194767212
-2.12	0.422127540171936	2.9788126846354146
-2.115	0.4221275401719426	2.988969060896492
-2.11	0.4221275401719515	2.9988885687000346
-2.105	0.42212754017196336	3.008554440314436
-2.1	0.42212754017197923	3.017948640869175
-2.095	0.4221275401720004	3.027051952128358
-2.09	0.4221275401720286	3.0358438824042153
-2.085	0.422127540172066	3.044302739777466
-2.08	0.42212754017211546	3.0524054884491556
-2.075	0.42212754017218074	3.0601278450032767
-2.07	0.4221275401722665	3.0674442624960623
-2.065	0.42212754017237897	3.0743279787450546
-2.06	0.42212754017252585	3.0807510445342547
-2.055	0.42212754017271736	3.0866843908972905
-2.05	0.4221275401729661	3.092097899806207
-2.045	0.42212754017328835	3.0969604892748324
-2.04	0.42212754017370446	3.101240212741448
-2.035	0.422127540174299	3.1049043629008373
-2.03	0.42212754017499177	3.1079196167130414
-2.025	0.4221275401758725	3.1102521440817523
-2.02	0.4221275401769923	3.111867758154155
-2.015	0.42212754017841336	3.1127320864479517
-2.01	0.42212754018021303	3.112810715880059
-2.005	0.4221275401824853	3.112069387886073
-2.0	0.422127540185345	3.1104741336422883
-1.995	0.4221275401889319	3.1079915221452157
-1.99	0.42212754019341514	3.1045887785412707
-1.985	0.4221275401989985	3.1002340201734984
-1.98	0.4221275401720082	3.0948964222256485
-1.975	0.42212754017200754	3.088546442718597
-1.97	0.42212754017200577	3.0811559684056866
-1.965	0.42212754017200216	3.0726985375754365
-1.96	0.42212754017199566	3.063149503414164
-1.955	0.4221275401719304	3.0524862240630695
-1.95	0.42212754017192833	3.0406882145065213
-1.945	0.42212754017192644	3.027737333160182
-1.94	0.4221275401719249	3.0136179154918987
-1.935	0.42212754017192355	2.9983169325441437
-1.93	0.4221275401719225	2.9818241002567074
-1.925	0.42212754017192156	2.9641320143773657
-1.92	0.4221275401719208	2.945236241658276
-1.915	0.4221275401719203	2.925135420112506
-1.91	0.4221275401719197	2.9038313261368267
-1.905	0.4221275401719193	2.8813289151767365
-1.9	0.42212754017191906	2.85763639749024
-1.895	0.4221275401719188	2.8327652352300694
-1.89	0.42212754017191845	2.806730152971734
-1.885	0.42212754017191834	2.779549136868052
-1.88	0.42212754017191834	2.7512433911515037
-1.875	0.4221275401719182	2.7218373018890922
-1.87	0.4221275401719181	2.691358371819945
-1.865	0.42212754017191806	2.6598371408755486
-1.86	0.42212754017191795	2.6273070857550964
-1.855	0.422127540171918	2.593804527109047
-1.85	0.4221275401719179	2.55936848020088
-1.845	0.42212754017191784	2.524040507287418
-1.84	0.4221275401719178	2.4878646327171543
-1.835	0.42212754017191767	2.4508870802511122
-1.83	0.42212754017191756	2.413156159329898
-1.825	0.42212754017191756	2.3747220680675456
-1.82	0.4221275401719173	2.335636688585718
-1.815	0.4221275401719171	2.2959534044550707
-1.81	0.422127540171917	2.2557268749276247
-1.805	0.4221275401719167	2.2150128191699614
-1.8	0.4221275401719166	2.1738678264416533
-1.795	0.4221275401719164	2.132349117737038
-1.79	0.42212754017191617	2.0905143786922333
-1.785	0.4221275401719176	2.048421347105311
-1.78	0.4221275401719177	2.0061279228531497
-1.775	0.42212754017191767	1.9636917081113903
-1.77	0.4221275401719176	1.921169858441271
-1.765	0.42212754017191767	1.878618911227629
-1.76	0.4221275401719177	1.8360945908507853
-1.755	0.42212754017191767	1.793651563144853
-1.75	0.42212754017191756	1.7513433426248026
-1.745	0.42212754017191767	1.7092220431756804
-1.74	0.4221275401719176	1.6673382617860484
-1.735	0.42212754017191756	1.625740923519716
-1.73	0.4221275401719177	1.5844771380584994
-1.725	0.42212754017191767	1.543592078362869
-1.72	0.4221275401719176	1.503128864860292
-1.715	0.4221275401719177	1.463128469947204
-1.71	0.42212754017191756	1.4236296290742985
-1.705	0.4221275401719176	1.384668759117662
-1.7	0.42212754017191756	1.346279904315688
-1.695	0.42212754017191756	1.3084946851096342
-1.69	0.42212754017191767	1.2713422561981895
-1.685	0.42212754017191756	1.2348493059564798
-1.68	0.42212754017191756	1.1990399455567207
-1.675	0.4221275401719176	1.1639359919952321
-1.67	0.42212754017191767	1.1295565920406647
-1.665	0.4221275401719176	1.0959184922231893
-1.66	0.4221275401719177	1.0630360165329285
-1.655	0.42212754017191767	1.0309211055471161
-1.65	0.42212754017191756	0.9995833776899187
-1.645	0.42212754017191756	0.9690419908098376
-1.64	0.42212754017191756	0.9392666364458122
-1.635	0.42212754017191767	0.9102958053006315
-1.63	0.42212754017191767	0.8821186684119101
-1.625	0.4221275401719176	0.8547342702613054
-1.62	0.4221275401719176	0.8281398017052783
-1.615	0.42212754017191756	0.8023307009056764
-1.61	0.4221275401719176	0.7773007610861015
-1.605	0.4221275401719176	0.7530422238073977
-1.6	0.42212754017191767	0.7295458988872762
-1.595	0.42212754017191767	0.7068012713069772
-1.59	0.4221275401719176	0.6847966124113494
-1.585	0.42212754017191767	0.6635190881329531
-1.58	0.4221275401719163	0.6429548778767802
-1.575	0.4221275401719165	0.6230892858545498
-1.57	0.4221275401719167	0.6039068419855476
-1.565	0.4221275401719169	0.5853914169749035
-1.56	0.4221275401719171	0.5675263242917346
-1.555	0.4221275401719172	0.5502944261974991
-1.55	0.42212754017191734	0.5336782377172623
-1.545	0.4221275401719175	0.5176599990499584
-1.54	0.42212754017191767	0.502221804809357
-1.535	0.42212754017191767	0.4873456665782482
-1.53	0.4221275401719177	0.47301360302919265
-1.525	0.4221275401719177	0.45920771999558685
-1.52	0.4221275401719178	0.4459102810779154
-1.515	0.42212754017191784	0.4331037807097408
-1.51	0.42212754017191784	0.4207710065391078
-1.505	0.4221275401719178	0.4088950931262753
-1.5	0.4221275401719177	0.39745958226669637
-1.495	0.42212754017191767	0.38644846568957675
-1.49	0.4221275401719177	0.37584622819597574
-1.485	0.42212754017191767	0.3656378842932268
-1.48	0.4221275401719177	0.3558090102761144
-1.475	0.42212754017191767	0.3463457670618906
-1.47	0.4221275401719176	0.33723492422642287
-1.465	0.42212754017191767	0.32846387970931545
-1.46	0.42212754017191767	0.32002066030437076
-1.455	0.42212754017191767	0.311893935734823
-1.45	0.4221275401719177	0.3040730209936713
-1.445	0.42212754017191767	0.2965478688686704
-1.44	0.42212754017191767	0.2893091169029246
-1.435	0.42212754017191767	0.282347878249313
-1.43	0.42212754017191767	0.2756559836583976
-1.425	0.42212754017191767	0.2692259403058306
-1.42	0.42212754017191767	0.2630507312177288
-1.415	0.42212754017191767	0.2571238200550332
-1.41	0.42212754017191756	0.2514393160352521
-1.405	0.42212754017191767	0.24599178694355625
-1.4	0.42212754017191756	0.24077627080092315
-1.395	0.42212754017191756	0.23578824534474085
-1.39	0.42212754017191756	0.2310235962102221
-1.385	0.4221275401719175	0.22647858351918163
-1.38	0.4221275401719175	0.22214980931189351
-1.375	0.4221275401719174	0.21803418230281346
-1.37	0.4221275401719174	0.21412888432438973
-1.365	0.42212754017191734	0.2104313347989378
-1.36	0.4221275401719174	0.20693915836920027
-1.355	0.4221275401719173	0.20365014845182305
-1.35	0.4221275401719173	0.20056223648783844
-1.345	0.42212754017191717	0.197673458017645
-1.34	0.4221275401719171	0.19498192067022616
-1.335	0.42212754017191695	0.19248577658728644
-1.33	0.42212754017191684	0.19018318928966663
-1.325	0.4221275401719167	0.18807232559111575
-1.32	0.42212754017191645	0.1861512550551922
-1.315	0.42212754017191617	0.18441803982100152
-1.31	0.4221275401719159	0.18287063229455
-1.305	0.42212754017191556	0.18150687229679602
-1.3	0.42212754017191517	0.18032446900707086
-1.295	0.4221275401719145	0.1793209813544136
-1.29	0.4221275401719139	0.17849380086538688
-1.285	0.4221275401719131	0.1778401394695515
-1.28	0.4221275401719122	0.1773570132519794
-1.275	0.4221275401719111	0.1770412322844606
-1.27	0.4221275401719097	0.17688939111836566
-1.265	0.4221275401719079	0.17689786033263366
-1.26	0.42212754017190585	0.17706277990277025
-1.255	0.4221275401719034	0.17738005466652546
-1.25	0.4221275401719004	0.17784535060625056
-1.245	0.4221275401718967	0.1784540933534741
-1.24	0.42212754017189225	0.1792014672430834
-1.235	0.42212754017188675	0.18008241655205923
-1.23	0.42212754017188026	0.18109164750112028
-1.225	0.42212754017187226	0.18222363242907502
-1.22	0.4221275401718625	0.1834726135849653
-1.215	0.4221275401718507	0.18483260967479564
-1.21	0.42212754017183646	0.18629742278612607
-1.205	0.4221275401718192	0.18786064644405004
-1.2	0.4221275401717982	0.18951566192576774
-1.195	0.4221275401717728	0.191255698828422
-1.19	0.42212754017174203	0.19307377269956635
-1.185	0.4221275401717048	0.19496274508319292
-1.18	0.4221275401716596	0.19691532584680488
-1.175	0.4221275401716051	0.19892408149708232
-1.17	0.42212754017154036	0.20098145929035394
-1.165	0.4221275401714605	0.20307979688218003
-1.16	0.42212754017136345	0.2052113387664648
-1.155	0.42212754017124604	0.20736825535689185
-1.15	0.4221275401711036	0.20954266033224667
-1.145	0.4221275401709311	0.21172662865524072
-1.14	0.42212754017072196	0.21391221707853453
-1.135	0.4221275401704684	0.21609148356020974
-1.13	0.42212754017016113	0.2182565078077512
-1.125	0.4221275401697887	0.22039941385838016
-1.12	0.4221275401693374	0.2225123900091393
-1.115	0.4221275401687903	0.2245877123340984
-1.11	0.42212754016812726	0.22661776631936578
-1.105	0.4221275401673237	0.22859507159083983
-1.1	0.42212754016634957	0.23051230248027965
-1.095	0.4221275401651692	0.23236231629883572
-1.09	0.42212754016373844	0.2341381670177227
-1.085	0.42212754016200454	0.23583313978843579
-1.08	0.4221275401599031	0.2374407691558327
-1.075	0.42212754015735615	0.23895485882248257
-1.07	0.4221275401542696	0.2403695085009734
-1.065	0.42212754015052883	0.24167913340351413
-1.06	0.4221275401459955	0.24287848559227368
-1.055	0.42212754014050174	0.2439626740421883
-1.05	0.42212754013384396	0.2449271835850642
-1.045	0.42212754012578524	0.2457678927848221
-1.04	0.42212754011599923	0.24648109041173633
-1.035	0.42212754010415215	0.2470634906158335
-1.03	0.4221275400897967	0.24751224556094945
-1.025	0.4221275400724025	0.24782495868465837
-1.02	0.42212754005132685	0.24799969304018982
-1.015	0.42212754002579206	0.24803497981264735
-1.01	0.4221275399948556	0.24792982348315543
-1.005	0.42212753995737695	0.2476837081021588
-1.0	0.42212753991197527	0.247296594955137
-0.995	0.422127539856979	0.2467689240578795
-0.99	0.42212753979036477	0.24610161183702045
-0.985	0.422127539709685	0.24529604405667194
-0.98	0.4221275396119772	0.24435406945541338
-0.975	0.4221275394936584	0.24327799076273937
-0.97	0.4221275393503949	0.24207054996774788
-0.965	0.4221275391769449	0.24073491867198504
-0.96	0.4221275389669763	0.2392746782393266
-0.955	0.4221275387128302	0.237693804793435
-0.95	0.422127538405254	0.23599664844101972
-0.945	0.4221275380330706	0.23418791204150557
-0.94	0.42212753758278154	0.23227262947950214
-0.935	0.42212753703809086	0.23025614144918358
-0.93	0.4221275363793307	0.22814407081977678
-0.925	0.4221275355827735	0.22594229703848562
-0.92	0.4221275346198034	0.22365693041846874
-0.915	0.4221275334559242	0.22129428355841294
-0.91	0.42212753204956743	0.21886084720430068
-0.905	0.42212753035066597	0.2163632624706541
-0.9	0.42212752829894407	0.2138082912831985
-0.895	0.4221275258218726	0.21120279615331447
-0.89	0.42212752283222316	0.20855370902910114
-0.885	0.42212751922514713	0.20586800934273564
-0.88	0.42212751487468836	0.20315269893114943
-0.875	0.42212750962962586	0.2004147805464773
-0.87	0.42212750330851995	0.19766123634448213
-0.865	0.4221274956938173	0.19489900474946878
-0.86	0.42212748652484167	0.19213496698185392
-0.855	0.42212747548946966	0.18937592654176277
-0.85	0.42212746221425446	0.18662859469001597
-0.845	0.4221274462527232	0.1838995766700372
-0.84	0.4221274270715239	0.18119535956936214
-0.835	0.4221274040340483	0.17852230184101425
-0.83	0.42212737638109454	0.1758866242779331
-0.825	0.4221273432080633	0.17329440296161777
-0.82	0.42212730343809923	0.17075156284270784
-0.815	0.42212725579050325	0.16826387362559897
-0.81	0.4221271987436299	0.16583694604943736
-0.805	0.42212713049137124	0.16347622985106947
-0.8	0.4221270488922475	0.16118701239139016
-0.795	0.42212695140958484	0.15897441812597887
-0.79	0.4221268350422352	0.15684340868761584
-0.785	0.42212669624323945	0.15479878340237094
-0.78	0.42212653082542334	0.15284517997364955
-0.775	0.4221263338516372	0.15098707564123073
-0.77	0.42212609953328806	0.14922878758145441
-0.765	0.4221258209739727	0.14757447302094107
-0.76	0.4221254901713538	0.1460281302309804
-0.755	0.42212509769840595	0.14459359573761152
-0.75	0.42212463250917226	0.14327454711454082
-0.745	0.4221240816779666	0.1420744946322059
-0.74	0.42212343010002235	0.14099678329706333
-0.735	0.422122660148542	0.14004458363746147
-0.73	0.4221217512825648	0.13922089012420757
-0.725	0.4221206795994933	0.1385285112122951
-0.72	0.42211941732549907	0.137970061667554
-0.715	0.4221179322363887	0.13754795284650242
-0.71	0.4221161870008258	0.1372643815450315
-0.705	0.42211413843710294	0.1371213172494763
-0.7	0.4221117366739293	0.1371204886030545
-0.695	0.4221089242049629	0.1372633685642892
-0.69	0.42210563482606384	0.1375511582410601
-0.685	0.42210179244351353	0.1379847701448085
-0.68	0.4220973097407146	0.13856481048914815
-0.675	0.42209208669020104	0.13929156114643812
-0.67	0.4220860088971443	0.14016496107280652
-0.665	0.42207894574941235	0.14118458621233337
-0.66	0.4220707484204191	0.1423496325750874
-0.655	0.42206124755989094	0.14365889717063196
-0.65	0.42205025085986114	0.14511075896280326
-0.645	0.4220375403109247	0.14670316263421523
-0.64	0.42202286922858645	0.14843360283466112
-0.635	0.4220059589948645	0.15029910801395824
-0.63	0.4219864955131991	0.1522962274588937
-0.625	0.4219641253611742	0.15442102221519668
-0.62	0.4219384516288991	0.15666905145185556
-0.615	0.42190902943255953	0.15903536798318438
-0.61	0.4218753610947086	0.16151451330259145
-0.605	0.42183689098552674	0.16410051533032918
-0.6	0.42179300002133646	0.16678688944254572
-0.595	0.42174299982287433	0.16956664195575907
-0.59	0.4216861265354744	0.1724322782213273
-0.585	0.4216215343221622	0.17537581196341376
-0.58	0.42154828854333554	0.17838877984129906
-0.575	0.4214653586432382	0.18146225787765086
-0.57	0.42137161076961593	0.1845868824704119
-0.565	0.4212658001597943	0.18775287417682032
-0.56	0.42114656333378764	0.19095006505887538
-0.555	0.4210124101429083	0.19416792899315582
-0.55	0.42086171573063474	0.19739561582254214
-0.545	0.4206927124711489	0.2006219878716751
-0.54	0.42050348195988557	0.20383565949955015
-0.535	0.4202919471395335	0.20702503961639368
-0.53	0.42005586465409633	0.21017837655522797
-0.525	0.4197928175327004	0.21328380387242973
-0.52	0.4195002083136886	0.2163293910690167
-0.515	0.4191752527279898	0.21930319282725985
-0.51	0.41881497406869667	0.22219330091227585
-0.505	0.41841619838070526	0.22498789750336418
-0.5	0.41797555061072794	0.22767531076554617
-0.495	0.4174894518626307	0.23024405878606355
-0.49	0.4169541179068003	0.23268291888228243
-0.485	0.41636555909413775	0.23498097032133503
-0.48	0.415719581825416	0.23712764939355946
-0.475	0.4150117917248635	0.2391128026333332
-0.47	0.4142375986626688	0.24092673441198692
-0.465	0.4133922237648756	0.24256025705795067
-0.46	0.4124707085396374	0.24400473672461126
-0.455	0.411467926237783	0.24525213704789203
-0.45	0.41037859555077877	0.24629506015065175
-0.445	0.40919729673228056	0.2471267852972648
-0.44	0.407918490209497	0.24774130264434804
-0.435	0.40653653772796333	0.24813334358938063
-0.43	0.40504572604808087	0.24829841408526754
-0.425	0.40344029318406377	0.24823280932498115
-0.42	0.4017144571459719	0.24793363911951272
-0.415	0.3998624471135554	0.24739884046409344
-0.41	0.39787853693702907	0.2466271901389737
-0.405	0.39575708082500766	0.245618310575002
-0.4	0.3934925510441042	0.24437266941568314
-0.395	0.3910795774186012	0.24289158052689683
-0.39	0.38851298838268256	0.24117719398867138
-0.385	0.3857878533025136	0.23923248599244248
-0.38	0.3828995257515778	0.2370612419968801
-0.375	0.37984368739072255	0.23466803738146738
-0.37	0.376616392074938	0.2320582175309469
-0.365	0.3732141097827228	0.2292378467932575
-0.36	0.36963376994112407	0.22621371288952796
-0.355	0.36587280370177555	0.22299326844590858
-0.35	0.36192918470950824	0.21958458743266746
-0.345	0.35780146789735895	0.2159963389782045
-0.34	0.3534888258394246	0.21223773294884238
-0.335	0.3489910821968868	0.20831847374365117
-0.33	0.3443087418026102	0.2042487119599004
-0.325	0.33944301694635565	0.20003899230823388
-0.32	0.33439584944577366	0.19570020088731038
-0.315	0.32916992811792445	0.1912435111371016
-0.31	0.3237687013019498	0.1866803289950184
-0.305	0.3181963841253765	0.18202223761063377
-0.3	0.3124579602539845	0.17728094179093343
-0.295	0.3065591779176828	0.17246821365828802
-0.29	0.30050654006180205	0.1675958369622746
-0.285	0.2943072885338994	0.1626755542607898
-0.28	0.28796938227977714	0.1577190149537077
-0.275	0.28150146958806715	0.1527377239023921
-0.27	0.27491285448947805	0.1477430003782012
-0.265	0.26821345748366326	0.1427458994622155
-0.26	0.2614137708326397	0.1377572183064659
-0.255	0.2545248087237452	0.1327874201054204
-0.25	0.24755805266627318	0.12784660266063824
-0.245	0.24052539254318386	0.1229444641226214
-0.24	0.23343906379175497	0.11809027005278291
-0.235	0.2263115812338324	0.11329282418339368
-0.23	0.21915567011672746	0.1085604425802709
-0.225	0.2119841949590995	0.10390093127576273
-0.22	0.2048100868218351	0.09932156741060441
-0.215	0.19764626964154725	0.09482908389453054
-0.21	0.19050558627361	0.09042965755017228
-0.205	0.18340072489245893	0.08612890079448024
-0.2	0.17634414638924495	0.08193185621154106
-0.195	0.16934801339097755	0.07784299626998434
-0.19	0.16242412150133287	0.07386622265065057
-0.185	0.15558383333176892	0.07000487203413758
-0.18	0.14883801585304934	0.06626172362619445
-0.175	0.14219698155241703	0.06263900838531979
-0.17	0.1356704338312617	0.05913842208533465
-0.165	0.1292674170230775	0.055761140010077315
-0.16	0.12299627135275155	0.05250783396418823
-0.155	0.11686459309676564	0.049378690541168266
-0.15	0.11087920014076996	0.04637343235856763
-0.145	0.10504610306724128	0.04349133909414308
-0.14	0.09937048184261364	0.04073127073951912
-0.135	0.0938566681113773	0.0380916914231851
-0.13	0.08850813304514973	0.0355706939306811
-0.125	0.0833274806385266	0.03316602504922713
-0.12	0.07831644629145187	0.03087511052132189
-0.115	0.07347590047061837	0.028695080766121463
-0.11	0.0688058572006498	0.02662279629451838
-0.105	0.06430548710002068	0.024654872161107823
-0.1	0.059973134647216354	0.022787703538716852
-0.095	0.055806339339771846	0.02101748989040529
-0.09	0.05180186039266747	0.019340255147141043
-0.085	0.04795570461308847	0.017751875422514392
-0.08	0.04426315708563011	0.016248096962664924
-0.075	0.04071881430538432	0.014824557699594867
-0.07	0.03731661940559795	0.013476806796168122
-0.065	0.0340498991412621	0.01220032309787764
-0.06	0.030911402309498695	0.010990532466317275
-0.055	0.027893339311295874	0.00984282398538827
-0.05	0.024987422586286348	0.008752565046573868
-0.045	0.022184907682088036	0.007715115333974009
-0.04	0.0194766347514277	0.006725839743068216
-0.035	0.016853070303020554	0.005780120279245632
-0.03	0.014304349065156863	0.004873366992901365
-0.025	0.011820315853338561	0.004001028017258978
-0.02	0.009390567364334548	0.0031585987829699574
-0.015	0.007004493847948296	0.002341630489908331
-0.01	0.004651320633939068	0.0015457379120994493
-0.005	0.0023201495143048167	0.0007666066843141809
0.0	0.0	0.0
0.005	0.0023201495143048436	0.0007582349623549825
0.01	0.004651320633939096	0.0015121609750489917
0.015	0.007004493847948323	0.002265744898046231
0.02	0.009390567364334575	0.003022851948473555
0.025	0.011820315853338589	0.003787240026853442
0.03	0.014304349065152953	0.0045625540288729794
0.035	0.016853070303015916	0.005352320094387576
0.04	0.019476634751427732	0.006159939711683273
0.045	0.022184907682088056	0.006988683682842683
0.05	0.024987422586286372	0.007841685835271629
0.055	0.0278933393112959	0.008721936607404208
0.06	0.030911402309498723	0.00963227631936213
0.065	0.03404989914126212	0.010575388263641648
0.07	0.037316619405597974	0.01155379158026649
0.075	0.040718814305384335	0.012569833952601273
0.08	0.044263157085630125	0.013625684143401803
0.085	0.047955704613088485	0.014723324544104945
0.09	0.05180186039266749	0.015864543506635343
0.095	0.05580633933977187	0.017050927825405512
0.1	0.059973134647216375	0.018283855532958346
0.105	0.06430548710002068	0.019564488298075017
0.11	0.06880585720064984	0.02089376543982494
0.115	0.07347590047061839	0.02227239637496519
0.12	0.07831644629145189	0.023700855405248477
0.125	0.0833274806385266	0.02517937619911839
0.13	0.08850813304514975	0.026707947300940033
0.135	0.09385666811137733	0.028286308378676774
0.14	0.09937048184261363	0.02991394747912329
0.145	0.10504610306724131	0.03159009933247661
0.15	0.11087920014076998	0.03331374470808691
0.155	0.11686459309676564	0.035083611516200985
0.16	0.12299627135275155	0.03689817629738137
0.165	0.1292674170230775	0.03875566799955441
0.17	0.1356704338312617	0.04065407280145617
0.175	0.14219698155241706	0.042591140515897186
0.18	0.1488380158530494	0.04456439245345526
0.185	0.15558383333176895	0.04657113124785062
0.19	0.1624241215013329	0.04860845142050676
0.195	0.16934801339097752	0.05067325231283632
0.2	0.17634414638924495	0.05276225211184151
0.205	0.18340072489245893	0.054872003420733326
0.21	0.19050558627361003	0.05699891022434554
0.215	0.19764626964154722	0.05913924616665496
0.22	0.20481008682183505	0.06128917407462822
0.225	0.2119841949590995	0.06344476642328899
0.23	0.21915567011672743	0.06560202707548134
0.235	0.22631158123383235	0.06775691354961498
0.24	0.23343906379175486	0.06990536019397837
0.245	0.24052539254318378	0.07204330155528796
0.25	0.24755805266627307	0.07416669654108762
0.255	0.2545248087237451	0.07627155112883441
0.26	0.2614137708326396	0.07835394724958762
0.265	0.2682134574836631	0.08041005970212013
0.27	0.2749128544894779	0.08243618389341624
0.275	0.281501469588067	0.08442875821115026
0.28	0.28796938227977703	0.08638438581343504
0.285	0.29430728853389926	0.08829985532750269
0.29	0.300506540061802	0.09017216156248647
0.295	0.30655917791768267	0.0919985242625242
0.3	0.3124579602539845	0.09377640522370527
0.305	0.31819638412537654	0.09550352444387693
0.31	0.3237687013019499	0.09717791600772488
0.315	0.3291699281179248	0.09879773115677429
0.32	0.33439584944577405	0.10036166793207199
0.325	0.33944301694635626	0.10186856039817856
0.33	0.3443087418032165	0.10331759509881533
0.335	0.3489910821968878	0.10470827367382597
0.34	0.3534888258394257	0.10604041540044931
0.345	0.3578014678973603	0.10731415769897033
0.35	0.3619291847095098	0.10852995704350783
0.355	0.36587280370177555	0.10968857616499332
0.36	0.36963376994112407	0.11079109188036322
0.365	0.37321410978272285	0.11183914604904062
0.37	0.37661639207493797	0.11283360454965341
0.375	0.379843687390711	0.11377721403415793
0.38	0.38289952575156716	0.11467192271068243
0.385	0.38578785330250354	0.11552019882363523
0.39	0.38851298838267334	0.11632474964126305
0.395	0.3910795774185926	0.1170885047742242
0.4	0.39349255104409636	0.1178145986059878
0.405	0.39575708082500044	0.1185063518874501
0.41	0.39787853693702246	0.11916725271927006
0.415	0.39986244711355406	0.11980093621450405
0.42	0.4017144571459709	0.12041116464852358
0.425	0.4034402931840631	0.12100180669815586
0.43	0.40504572604808037	0.12157681646709995
0.435	0.4065365377279632	0.12214021298989969
0.44	0.40791849020949694	0.12269605893494753
0.445	0.4091972967322774	0.1232484403961908
0.45	0.4103785955507759	0.12380144666312103
0.455	0.4114679262377805	0.12435915009220008
0.46	0.4124707085396352	0.12492558742699514
0.465	0.4133922237648736	0.12550474082070273
0.47	0.414237598662667	0.1261005200909565
0.475	0.4150117917248529	0.1267167455517813
0.48	0.41571958182541446	0.1273571321130476
0.485	0.4163655590941362	0.12802527350572115
0.49	0.41695411790679865	0.12872462845980642
0.495	0.4174894518626304	0.12945850621935112
0.5	0.41797555061072755	0.13023005710973606
0.505	0.4184161983807046	0.13104225468690855
0.51	0.4188149740686958	0.13189789300183885
0.515	0.41917525272799017	0.13279957069623835
0.52	0.4195002083136798	0.13374969189152783
0.525	0.4197928175326913	0.1347504462105511
0.53	0.42005586465408723	0.13580381037373374
0.535	0.42029194713952445	0.13691154054326465
0.54	0.4205034819598768	0.1380751680148209
0.545	0.42069271247114054	0.1392959931645017
0.55	0.4208617157306265	0.14057508476946243
0.555	0.4210124101429006	0.14191327725449498
0.56	0.4211465633337803	0.14331116658806017
0.565	0.42126580015978743	0.1447691042357277
0.57	0.4213716107696096	0.14628722151529222
0.575	0.4214653586432233	0.14786539254192313
0.58	0.4215482885433224	0.14950326141277342
0.585	0.42162153432215027	0.15120022705167283
0.59	0.4216861265354636	0.152955458047599
0.595	0.4217429998228644	0.15476788616826
0.6	0.4217930000213271	0.15663620925023927
0.605	0.4218368909855177	0.15855889541739351
0.61	0.4218753610948111	0.16053418419805895
0.615	0.4219090294326399	0.16256008992387985
0.62	0.4219384516289606	0.16463440516936
0.625	0.4219641253612191	0.16675470431285344
0.63	0.42198649551322914	0.16891834749413107
0.635	0.42200595899488064	0.17112248497657487
0.64	0.4220228692285982	0.17336406178194594
0.645	0.4220375403109127	0.1756398228147488
0.65	0.422050250859833	0.17794631836940356
0.655	0.422061247559844	0.18027991010392128
0.66	0.4220707484182875	0.1826367777435404
0.665	0.42207894574730453	0.18501292510858905
0.67	0.4220860088842164	0.18740418905108594
0.675	0.4220920866795018	0.18980624710443833
0.68	0.422097309731849	0.19221463006705203
0.685	0.42210179243614027	0.1946247144468323
0.69	0.42210563481988644	0.19703175959498156
0.695	0.42210892419972057	0.1994309000713701
0.7	0.42211173666938895	0.2018171621094753
0.705	0.4221141384330506	0.20418547607196397
0.71	0.42211618699705905	0.20653068994177448
0.715	0.42211793223270777	0.20884758223569194
0.72	0.4221194173216989	0.2111308786990988
0.725	0.42212067959535365	0.21337526652730687
0.73	0.42212175127784035	0.21557541002432232
0.735	0.42212266014294997	0.21772596936638106
0.74	0.42212343009323	0.21982161733814232
0.745	0.4221240816695744	0.22185705723677424
0.75	0.4221246324986966	0.22382704165389775
0.755	0.4221250976852573	0.22572639199460673
0.76	0.42212549015481077	0.2275500183940473
0.765	0.4221258209531529	0.2292929401507119
0.77	0.42212609950711305	0.23095030073548786
0.775	0.4221263338513299	0.232517394572767
0.78	0.42212653079776224	0.23398968457637173
0.785	0.42212669622143084	0.23536282089124114
0.79	0.42212683502503173	0.23663266112317574
0.795	0.42212695139597	0.23779528943178613
0.8	0.4221270488813893	0.23884703506807797
0.805	0.42212713048262557	0.23978449022834228
0.81	0.4221271987363524	0.24060452709742597
0.815	0.42212725578418014	0.2413043139572751
0.82	0.42212730343226035	0.24188133062071512
0.825	0.42212734320225187	0.24233338082072414
0.83	0.42212737637483677	0.24265860703730022
0.835	0.42212740402681903	0.2428555002607142
0.84	0.42212742706270895	0.2429229101231624
0.845	0.4221274462415724	0.24286005311752495
0.85	0.4221274621998261	0.24266651920017376
0.855	0.4221274754705602	0.24234227672048658
0.86	0.4221274864998976	0.241887675632171
0.865	0.42212749566082275	0.24130344885883429
0.87	0.4221275032648534	0.24059071238510568
0.875	0.42212750957187795	0.23975096241202826
0.88	0.42212751479842914	0.2387860717137729
0.885	0.4221275191246298	0.23769828613712843
0.89	0.42212752270050113	0.2364902134256121
0.895	0.42212752564881	0.23516481699344186
0.9	0.4221275280721463	0.2337254048839357
0.905	0.4221275300542137	0.23217561733346034
0.91	0.42212753166305894	0.23051941231702286
0.915	0.42212753295327593	0.22876105304088643
0.92	0.42212753396775365	0.22690508963893682
0.925	0.42212753473901854	0.22495634394591532
0.93	0.4221275352902121	0.22291988629447665
0.935	0.4221275356357336	0.22080102357713163
0.94	0.4221275357815635	0.2186052731291755
0.945	0.42212753803321423	0.21633834450144077
0.95	0.4221275384053847	0.21400611803280004
0.955	0.4221275387129487	0.21161462221169278
0.96	0.4221275389670822	0.20917001284164893
0.965	0.4221275391770363	0.20667855026668006
0.97	0.4221275393504203	0.20414657723000218
0.975	0.4221275394936783	0.2015804970229481
0.98	0.4221275396119928	0.19898675145954195
0.985	0.4221275397096972	0.19637179940929356
0.99	0.42212753979037443	0.19374209566685013
0.995	0.4221275398569864	0.1911040706072366
1.0	0.42212753991198104	0.18846410980235265
1.005	0.4221275399573815	0.1858285358033558
1.01	0.4221275399948591	0.18320338439539194
1.015	0.42212754002579467	0.1805954084408607
1.02	0.422127540051329	0.1780100208135598
1.025	0.4221275400724041	0.1754533177490935
1.03	0.4221275400897981	0.17293104727159264
1.035	0.42212754010415315	0.17044879477004993
1.04	0.42212754011600007	0.16801197589997158
1.045	0.42212754012577663	0.16562582236818738
1.05	0.42212754013384457	0.16329537239068445
1.055	0.42212754014050213	0.1610254616606266
1.06	0.42212754014599596	0.15882071566338704
1.065	0.4221275401505292	0.15668554258417433
1.07	0.42212754015426984	0.15462412840760056
1.075	0.4221275401573565	0.1526404309636663
1.08	0.42212754015990317	0.15073817730113567
1.085	0.4221275401620046	0.14892086074265243
1.09	0.42212754016373844	0.14719173946070083
1.095	0.422127540165169	0.14555383455880586
1.1	0.42212754016634935	0.1440099321375089
1.105	0.4221275401673232	0.14256258216182793
1.11	0.42212754016812665	0.1412141009122221
1.115	0.4221275401687895	0.13996657296301085
1.12	0.4221275401693364	0.13882185364658864
1.125	0.4221275401697876	0.13778157347873465
1.13	0.4221275401701598	0.1368471401998832
1.135	0.42212754017046844	0.13601974403490946
1.14	0.422127540170722	0.13530036187915842
1.145	0.4221275401709311	0.13468976203556018
1.15	0.42212754017110377	0.13418850909588004
1.155	0.4221275401712461	0.13379696927769508
1.16	0.42212754017136356	0.13351531498259905
1.165	0.42212754017146054	0.13334353171414326
1.17	0.4221275401715405	0.13328142091625003
1.175	0.4221275401716065	0.13332860668324858
1.18	0.42212754017166093	0.13348454097526713
1.185	0.42212754017170584	0.13374850824553272
1.19	0.42212754017174287	0.13411963048137082
1.195	0.4221275401717735	0.13459687199672987
1.2	0.4221275401717986	0.13517904405614892
1.205	0.4221275401718195	0.13586481026445715
1.21	0.42212754017184567	0.136652687196793
1.215	0.4221275401718509	0.13754105402224887
1.22	0.4221275401718626	0.13852815215248981
1.225	0.42212754017187215	0.1396120917428197
1.23	0.4221275401718801	0.1407908533836492
1.235	0.4221275401718867	0.1420622922884576
1.24	0.422127540171892	0.14342414266678594
1.245	0.4221275401718966	0.14487401985768975
1.25	0.42212754017190024	0.14640942443679003
1.255	0.4221275401719033	0.1480277462435999
1.26	0.4221275401719058	0.14972626473427372
1.265	0.4221275401719079	0.15150215695854818
1.27	0.4221275401719097	0.15335249809539536
1.275	0.422127540171911	0.15527426233008854
1.28	0.4221275401719121	0.1572643414293939
1.285	0.4221275401719131	0.1593195261199994
1.29	0.422127540171914	0.16143652563333757
1.295	0.4221275401719146	0.1636119683565009
1.3	0.4221275401719151	0.16584240639704179
1.305	0.42212754017191556	0.16812432046314893
1.31	0.4221275401719158	0.17045412497996806
1.315	0.4221275401719161	0.17282817357334246
1.32	0.42212754017191645	0.1752427640690804
1.325	0.42212754017191667	0.17769414519718948
1.33	0.42212754017191684	0.1801785219076537
1.335	0.42212754017191695	0.1826920611997272
1.34	0.4221275401719156	0.18523090026316447
1.345	0.42212754017191584	0.1877911501123446
1.35	0.4221275401719162	0.1903689037878905
1.355	0.42212754017191656	0.19296024235881912
1.36	0.4221275401719167	0.19556124157597043
1.365	0.42212754017191695	0.19816797716217352
1.37	0.4221275401719171	0.20077653263399564
1.375	0.42212754017191734	0.20338300392810682
1.38	0.42212754017191745	0.20598350727035977
1.385	0.42212754017191756	0.20857418093644842
1.39	0.42212754017191767	0.21115119300904292
1.395	0.42212754017191767	0.21371074720053346
1.4	0.42212754017191767	0.21624908491597167
1.405	0.4221275401719177	0.2187624919531735
1.41	0.4221275401719178	0.2212472989407472
1.415	0.4221275401719178	0.22369988685490644
1.42	0.4221275401719177	0.22611668873158
1.425	0.4221275401719176	0.22849419237945268
1.43	0.4221275401719177	0.2308289420186281
1.435	0.4221275401719177	0.23311753960746442
1.44	0.4221275401719178	0.23535664579091037
1.445	0.42212754017191767	0.2375429806560311
1.45	0.4221275401719176	0.2396733240077104
1.455	0.42212754017191767	0.24174451543806563
1.46	0.4221275401719176	0.2437534542022718
1.465	0.42212754017191756	0.2456970985453264
1.47	0.42212754017191767	0.24757246712968362
1.475	0.42212754017191756	0.24937663550674616
1.48	0.42212754017191767	0.2511067403344247
1.485	0.42212754017191767	0.25275997448812015
1.49	0.42212754017191767	0.2543335920664099
1.495	0.42212754017191767	0.25582490359905957
1.5	0.4221275401719176	0.2572312839911123
1.505	0.42212754017191767	0.2585501671030609
1.51	0.4221275401719177	0.25977905332211887
1.515	0.4221275401719176	0.26091550919751233
1.52	0.4221275401719176	0.2619571722004368
1.525	0.42212754017191767	0.2629017540137426
1.53	0.4221275401719178	0.26374704706018437
1.535	0.4221275401719177	0.2644909267337423
1.54	0.42212754017191767	0.2651313624934594
1.545	0.4221275401719176	0.26566642163094184
1.55	0.4221275401719176	0.2660942789899398
1.555	0.42212754017191767	0.26641322505145776
1.56	0.4221275401719177	0.2666216755107683
1.565	0.42212754017191767	0.2667181813175234
1.57	0.4221275401719176	0.2667014392609725
1.575	0.4221275401719177	0.2665703030141428
1.58	0.42212754017191756	0.2663237940923907
1.585	0.42212754017191756	0.26596111564089314
1.59	0.4221275401719176	0.26548165957096187
1.595	0.4221275401719177	0.26488502508260087
1.6	0.4221275401719176	0.2641710229366734
1.605	0.42212754017191767	0.263339693870236
1.61	0.42212754017191756	0.26239131279225486
1.615	0.42212754017191767	0.26132640456478107
1.62	0.42212754017191767	0.26014575228677633
1.625	0.42212754017191767	0.25885040536267917
1.63	0.4221275401719178	0.25744168795948164
1.635	0.4221275401719178	0.25592120548969577
1.64	0.4221275401719177	0.2542908522660492
1.645	0.4221275401719177	0.2525528115217893
1.65	0.4221275401719178	0.25070956188646787
1.655	0.4221275401719177	0.2487638802043442
1.66	0.4221275401719178	0.24671883561724717
1.665	0.4221275401719178	0.24457779192148527
1.67	0.4221275401719178	0.24234440244317376
1.675	0.4221275401719178	0.2400226041301038
1.68	0.4221275401719178	0.23761661308064433
1.685	0.4221275401719178	0.23513091153116647
1.69	0.4221275401719178	0.23257023895188145
1.695	0.42212754017191767	0.2299395793150254
1.7	0.42212754017191767	0.22724414934426862
1.705	0.4221275401719176	0.22448937737584282
1.71	0.42212754017191756	0.22168089061280477
1.715	0.4221275401719174	0.21882449531275155
1.72	0.42212754017191734	0.21592615635096146
1.725	0.4221275401719171	0.2129919745577427
1.73	0.4221275401719169	0.2100281682673108
1.735	0.4221275401719167	0.2070410476020988
1.74	0.42212754017191645	0.20403698846922622
1.745	0.42212754017191634	0.20102241630728634
1.75	0.42212754017191606	0.19800377276502898
1.755	0.42212754017191756	0.19498749527499454
1.76	0.42212754017191756	0.1919799914351093
1.765	0.4221275401719176	0.188987614886908
1.77	0.42212754017191756	0.18601663919901
1.775	0.4221275401719176	0.1830732370345039
1.78	0.42212754017191767	0.180163454928618
1.785	0.42212754017191767	0.17729319319620154
1.79	0.4221275401719178	0.17446818253887553
1.795	0.4221275401719177	0.1716939656302458
1.8	0.42212754017191767	0.16897587877548523
1.805	0.4221275401719176	0.16631903392414726
1.81	0.42212754017191767	0.16372830360759913
1.815	0.42212754017191767	0.16120830671405925
1.82	0.42212754017191767	0.15876339683076685
1.825	0.42212754017191756	0.1563976509780581
1.83	0.4221275401719176	0.15411486069680713
1.835	0.4221275401719177	0.15191852874907347
1.84	0.4221275401719176	0.14981185326523402
1.845	0.4221275401719177	0.14779773976365598
1.85	0.4221275401719176	0.1458787886637418
1.855	0.4221275401719176	0.14405729904591072
1.86	0.4221275401719176	0.14233527009563374
1.865	0.42212754017191756	0.14071440501002733
1.87	0.42212754017191756	0.13919611363847587
1.875	0.4221275401719176	0.13778152264030738
1.88	0.4221275401719175	0.13647147955230804
1.885	0.42212754017191745	0.1352665629535612
1.89	0.4221275401719176	0.13416709182936695
1.895	0.4221275401719176	0.1331731361470761
1.9	0.42212754017191767	0.13228452775684646
1.905	0.42212754017191767	0.13150087256804732
1.91	0.4221275401719176	0.13082156273745765
1.915	0.4221275401719176	0.13024578803351233
1.92	0.42212754017191767	0.12977255155513323
1.925	0.4221275401719175	0.12940067839489738
1.93	0.42212754017191767	0.12912883033385072
1.935	0.4221275401719176	0.1289555176936027
1.94	0.4221275401719176	0.1288791111941145
1.945	0.4221275401719176	0.12889785225997918
1.95	0.42212754017191767	0.1290098666122244
1.955	0.4221275401719175	0.12921317062894874
1.96	0.4221275401719163	0.12950568301424825
1.965	0.4221275401719165	0.12988523263994872
1.97	0.42212754017191667	0.13034956648021062
1.975	0.42212754017191684	0.13089635634738356
1.98	0.4221275401719171	0.13152320451843574
1.985	0.4221275401719173	0.1322276493812445
1.99	0.42212754017191745	0.13300716922868733
1.995	0.42212754017191756	0.13385918561869076
2.0	0.42212754017191767	0.13478106637051254
2.005	0.42212754017191767	0.1357701267236262
2.01	0.4221275401719178	0.13682363079786175
2.015	0.4221275401719179	0.13793879231577488
2.02	0.42212754017191795	0.1391127741341122
2.025	0.42212754017191795	0.1403426879735471
2.03	0.42212754017191806	0.14162559391713236
2.035	0.42212754017191806	0.1429584987678904
2.04	0.42212754017191806	0.14433835552060442
2.045	0.42212754017191817	0.14576206095834102
2.05	0.42212754017191834	0.14722645609672705
2.055	0.4221275401719184	0.14872832409786438
2.06	0.4221275401719187	0.15026438999263542
2.065	0.42212754017191895	0.15183131968816246
2.07	0.4221275401719192	0.1534257210891839
2.075	0.4221275401719196	0.15504414482020984
2.08	0.4221275401719201	0.1566830830943679
2.085	0.42212754017192067	0.15833897502034236
2.09	0.42212754017192156	0.16000820802054797
2.095	0.4221275401719224	0.16168712113179126
2.1	0.4221275401719235	0.16337200974427252
2.105	0.4221275401719247	0.1650591299990931
2.11	0.42212754017192633	0.16674470851845202
2.115	0.4221275401719281	0.16842494408909464
2.12	0.42212754017193027	0.17009601945854386
2.125	0.42212754017199483	0.1717541093243302
2.13	0.4221275401720015	0.17339538959638925
2.135	0.4221275401720055	0.17501604825837763
2.14	0.4221275401720076	0.17661229599272638
2.145	0.4221275401720083	0.17818037876000087
2.15	0.42212753862092145	0.17971658874566837
2.155	0.42212753896612676	0.18121669261401485
2.16	0.4221275392368007	0.18267887953388792
2.165	0.42212753944848797	0.1840978988093522
2.17	0.42212753961361904	0.18547095167195332
2.175	0.42212753974210465	0.18679476580850018
2.18	0.42212753984182333	0.18806619645337866
2.185	0.4221275399190198	0.189282239851875
2.19	0.4221275399786303	0.1904400468287992
2.195	0.4221275400245441	0.19153693495030785
2.2	0.42212754005981834	0.19257040185880453
2.205	0.42212754008679837	0.19353813452565768
2.21	0.42212754010747233	0.19443802258550816
2.215	0.42212754012323994	0.19526816727162588
2.22	0.42212754013523635	0.19602688861363918
2.225	0.422127540144341	0.19671273731512964
2.23	0.4221275401512344	0.19732449795637144
2.235	0.4221275401564408	0.1978611963244278
2.24	0.4221275401603636	0.19832210389105334
2.245	0.4221275401633122	0.1987067405347363
2.25	0.4221275401655231	0.19901487677508975
2.255	0.42212754016717713	0.19924653431323683
2.26	0.4221275401684113	0.19940198515027574
2.265	0.4221275401693303	0.199481749951133
2.27	0.42212754017001275	0.19948659513913602
2.275	0.42212754017051834	0.19941752679447677
2.28	0.4221275401708922	0.19927578626577883
2.285	0.4221275401711678	0.19906284282195696
2.29	0.4221275401713708	0.1987803857969358
2.295	0.4221275401715196	0.1984303147360216
2.3	0.4221275401716287	0.19801473025765792
2.305	0.4221275401717083	0.1975359232082894
2.31	0.42212754017176624	0.1969963618545872
2.315	0.42212754017180854	0.1963986803118882
2.32	0.42212754017183907	0.19574566504454605
2.325	0.4221275401718611	0.19504024230510664
2.33	0.42212754017187704	0.19428546278873424
2.335	0.42212754017188836	0.19348448914053615
2.34	0.42212754017189663	0.19264057787233804
2.345	0.42212754017190235	0.19175706911866355
2.35	0.4221275401719064	0.19083737222589064
2.355	0.42212754017190923	0.18988494670050868
2.36	0.4221275401719112	0.18890329157565391
2.365	0.4221275401719125	0.1878959310497318
2.37	0.42212754017191495	0.18686639849479433
2.375	0.4221275401719157	0.18581822643204615
2.38	0.4221275401719163	0.18475493167433676
2.385	0.4221275401719166	0.18368000311819377
2.39	0.42212754017191695	0.18259689036482682
2.395	0.4221275401719171	0.1815089933845516
2.4	0.42212754017191734	0.18041964895732118
2.405	0.42212754017191734	0.1793321247419455
2.41	0.42212754017191745	0.1782496077828435
2.415	0.4221275401719175	0.17717519606571552
2.42	0.4221275401719176	0.17611189175117978
2.425	0.42212754017191756	0.1750625930882788
2.43	0.42212754017191756	0.17403008768718428
2.435	0.4221275401719176	0.1730170495487413
2.44	0.4221275401719175	0.1720260298727592
2.445	0.42212754017191745	0.1710594549640396
2.45	0.4221275401719176	0.17011962215097923
2.455	0.4221275401719176	0.1692086960756919
2.46	0.4221275401719176	0.16832870611689046
2.465	0.42212754017191767	0.16748154410551008
2.47	0.42212754017191756	0.16666896206750167
2.475	0.42212754017191756	0.1658925723989954
2.48	0.42212754017191756	0.16515384474011122
2.485	0.42212754017191756	0.16445410666284607
2.49	0.4221275401719176	0.16379454387086403
2.495	0.42212754017192666	0.1631761984387705
2.5	0.4221275401719175	0.16259997186186134
2.505	0.4221275401719176	0.16206662327986238
2.51	0.42212754017191756	0.1615767716598357
2.515	0.4221275401719176	0.16113089652391333
2.52	0.42212754017191756	0.1607293395219311
2.525	0.4221275401719176	0.16037230586991758
2.53	0.4221275401719175	0.16005986617890625
2.535	0.4221275401719176	0.15979195845932154
2.54	0.42212754017191756	0.15956839119318755
2.545	0.42212754017191767	0.15938884244724608
2.55	0.42212754017191756	0.15925286741565228
2.555	0.42212754017191756	0.15915989818835444
2.56	0.42212754017191756	0.15910924726678646
2.565	0.4221275401719176	0.15910011206351804
2.57	0.4221275401719176	0.15913157725622296
2.575	0.4221275401719161	0.15920261981751205
2.58	0.4221275401719163	0.15931211206965193
2.585	0.4221275401719166	0.1594588279089414
2.59	0.4221275401719168	0.1596414611127092
2.595	0.4221275401719169	0.15985856307658886
2.6	0.42212754017191706	0.160108673882691
2.605	0.42212754017191717	0.16039021373581958
2.61	0.4221275401719173	0.16070154055988187
2.615	0.42212754017191745	0.1610409478066098
2.62	0.42212754017191756	0.16140666816727345
2.625	0.42212754017191756	0.16179689263432187
2.63	0.4221275401719176	0.1622097605926114
2.635	0.42212754017191767	0.1626433789850316
2.64	0.42212754017191767	0.16309582833875014
2.645	0.42212754017191767	0.16356517001500726
2.65	0.42212754017191767	0.1640494564073283
2.655	0.42212754017191767	0.16454673374741483
2.66	0.42212754017191767	0.16505505977668417
2.665	0.42212754017191767	0.16557250571459436
2.67	0.42212754017191767	0.16609716575002273
2.675	0.4221275401719176	0.16662716889359103
2.68	0.4221275401719178	0.16716068226457995
2.685	0.4221275401719176	0.16769592246999046
2.69	0.4221275401719176	0.16823116273013558
2.695	0.42212754017191756	0.16876473979504147
2.7	0.4221275401719176	0.1692950613329526
2.705	0.4221275401719176	0.16982061234306262
2.71	0.42212754017191756	0.17033996113983133
2.715	0.4221275401719176	0.17085176474749125
2.72	0.42212754017191756	0.1713547736258685
2.725	0.4221275401719176	0.171847835852494
2.73	0.42212754017191756	0.17232990027584857
2.735	0.42212754017191767	0.1728000192173969
2.74	0.42212754017191756	0.17325735130353231
2.745	0.4221275401719175	0.17370115662180458
2.75	0.4221275401719176	0.1741308096487773
2.755	0.4221275401719175	0.17454578408434207
2.76	0.42212754017191756	0.1749456596945779
2.765	0.4221275401719175	0.17533011789665748
2.77	0.4221275401719175	0.1756989384924692
2.775	0.4221275401719175	0.1760519962356861
2.78	0.42212754017191756	0.17638925703702577
2.785	0.4221275401719176	0.17671076607594152
2.79	0.4221275401719176	0.17701665194796662
2.795	0.42212754017191756	0.17730711306040742
2.8	0.4221275401719176	0.1775824088679559
2.805	0.4221275401719176	0.17784286423167717
2.81	0.4221275401719176	0.17808884369544428
2.815	0.42212754017191767	0.1783207543833354
2.82	0.42212754017191756	0.17853903347415492
2.825	0.42212754017191756	0.17874414005684494
2.83	0.42212754017191756	0.1789366466225896
2.835	0.42212754017191756	0.17911672105525347
2.84	0.4221275401719176	0.17928516386119395
2.845	0.4221275401719176	0.17944228559659997
2.85	0.4221275401719176	0.17958855417976557
2.855	0.42212754017191756	0.17972435930427774
2.86	0.4221275401719176	0.17985006290646008
2.865	0.42212754017191767	0.17996598064174335
2.87	0.42212754017191756	0.18007237277317079
2.875	0.42212754017191756	0.1801694412469942
2.88	0.42212754017191767	0.18025732190216803
2.885	0.4221275401719176	0.18033608024963985
2.89	0.42212754017191767	0.18040570962676217
2.895	0.4221275401719177	0.18046611899902668
2.9	0.4221275401719177	0.18051714491808263
2.905	0.4221275401719178	0.18055854004564845
2.91	0.4221275401719178	0.18058997656904904
2.915	0.4221275401719178	0.18061103737162482
2.92	0.4221275401719178	0.18062124811116795
2.925	0.4221275401719177	0.18062003744192054
2.93	0.4221275401719178	0.18060676706588993
2.935	0.42212754017191767	0.18058073062636631
2.94	0.42212754017191756	0.18054115805441903
2.945	0.42212754017191745	0.18048722334256256
2.95	0.42212754017191745	0.18041805070776698
2.955	0.42212754017191734	0.18033272087472943
2.96	0.4221275401719171	0.1802302836631239
2.965	0.422127540171917	0.18010976573159787
2.97	0.4221275401719168	0.1799701757816365
2.975	0.4221275401719166	0.17981052614668713
2.98	0.42212754017191645	0.17962983067166216
2.985	0.4221275401719162	0.1794271262530388
2.99	0.42212754017191767	0.17920147834100406
2.995	0.4221275401719178	0.17895199649335408
3.0	0.4221275401719176	0.17867784369728024
3.005	0.4221275401719176	0.17837824274394268
3.01	0.42212754017191767	0.1780525121691786
3.015	0.4221275401719178	0.17770004272343703
3.02	0.4221275401719176	0.17732034487474255
3.025	0.42212754017191767	0.17691299919375947
3.03	0.42212754017191767	0.1764777464475326
3.035	0.4221275401719176	0.17601444516008766
3.04	0.4221275401719176	0.1755230926380111
3.045	0.42212754017191767	0.1750038345553982
3.05	0.42212754017191767	0.17445696880120157
3.055	0.42212754017191784	0.17388295451637253
3.06	0.4221275401719177	0.17328241584411608
3.065	0.42212754017192694	0.1726561454247998
3.07	0.4221275401719178	0.17200510808746722
3.075	0.42212754017191767	0.17133044207880685
3.08	0.42212754017191784	0.17063345870770602
3.085	0.4221275401719177	0.16991564235726156
3.09	0.4221275401719178	0.16917864774751956
3.095	0.4221275401719178	0.16842429607973253
3.1	0.4221275401719177	0.1676545724892035
3.105	0.4221275401719178	0.16687161627228264
3.11	0.42212754017191767	0.16607771677695146
3.115	0.4221275401719178	0.1652753038654947
3.12	0.4221275401719177	0.16446694045591134
3.125	0.4221275401719178	0.16365530461095942
3.13	0.42212754017191767	0.1628431885476838
3.135	0.4221275401719177	0.16203347937547335
3.14	0.42212754017191767	0.1612291471616502
3.145	0.4221275401719176	0.16043323115588914
3.15	0.42212754017191767	0.15964882513848985
3.155	0.4221275401719176	0.1588790609178457
3.16	0.42212754017191767	0.15812709432824848
3.165	0.4221275401719177	0.157396087932469
3.17	0.4221275401719177	0.15668919514207233
3.175	0.4221275401719177	0.15600954338912906
3.18	0.4221275401719178	0.15536021791901528
3.185	0.42212754017191767	0.15474424560054115
3.19	0.42212754017191767	0.15416457751181986
3.195	0.4221275401719164	0.15362407422632512
3.2	0.42212754017191656	0.1531254913309573
3.205	0.42212754017191684	0.15267146138556045
3.21	0.42212754017191717	0.15226448174782145
3.215	0.42212754017191745	0.15190690013849734
3.22	0.4221275401719178	0.1516009013416874
3.225	0.4221275401719181	0.15134849526416164
3.23	0.42212754017191856	0.15115150480602152
3.235	0.422127540171919	0.15101155697248053
3.24	0.42212754017191967	0.1509300708947775
3.245	0.42212754017192056	0.15090825013841766
3.25	0.4221275401719217	0.15094707550537667
3.255	0.4221275401719232	0.15104729765806346
3.26	0.42212754017192533	0.15120943165491696
3.265	0.4221275401719281	0.15143336880872563
3.27	0.42212754017193194	0.15172028795583747
3.275	0.42212754017193693	0.1520688245030465
3.28	0.42212754017194376	0.15247889494035777
3.285	0.422127540171953	0.15294978482473243
3.29	0.42212754017196547	0.15348052942516666
3.295	0.42212754017198206	0.15406991543790766
3.3	0.4221275401720041	0.15471648359516865
3.305	0.4221275401720334	0.15541853010340403
3.31	0.42212754017207255	0.15617411093777142
3.315	0.42212754017212406	0.15698104628224457
3.32	0.4221275401721921	0.15783692466364588
3.325	0.4221275401722814	0.15873910983503794
3.33	0.42212754017239845	0.15968474895493592
3.335	0.42212754017255133	0.16067077547693998
3.34	0.42212754017275045	0.16169392068667235
3.345	0.422127540173009	0.16275072112151437
3.35	0.4221275401733438	0.1638375284638373
3.355	0.4221275401737759	0.16495051892608759
3.36	0.422127540174392	0.1660857039771298
3.365	0.42212754017510984	0.1672389418633985
3.37	0.42212754017602266	0.16840594924168029
3.375	0.42212754017718307	0.1695823137993545
3.38	0.42212754017865534	0.1707635071607054
3.385	0.4221275401805189	0.17194489878610317
3.39	0.42212754018287096	0.1731217703123047
3.395	0.42212754018582943	0.17428933041987849
3.4	0.42212754018953824	0.17544273021350307
3.405	0.42212754019417154	0.1765770793189093
3.41	0.4221275401720083	0.17768746262460444
3.415	0.42212754017200815	0.17876895726596248
3.42	0.4221275401720073	0.17981665010786949
3.425	0.4221275401720054	0.18082565592132227
3.43	0.4221275401720013	0.18179113555525736
3.435	0.42212754017199444	0.18270831520102054
3.44	0.42212754017193005	0.1835725046718523
3.445	0.42212754017192794	0.18437911733567947
3.45	0.4221275401719261	0.1851236884705436
3.455	0.42212754017192455	0.1858018959750932
3.46	0.42212754017192333	0.18640957888040546
3.465	0.4221275401719222	0.18694275711256206
3.47	0.42212754017192133	0.1873976492688839
3.475	0.42212754017192067	0.18777069301905516
3.48	0.42212754017191995	0.18805856212644034
3.485	0.4221275401719195	0.1882581846142185
3.49	0.4221275401719191	0.18836675762945082
3.495	0.422127540171919	0.1883817701938907
3.5	0.42212754017191856	0.18830100792478208
3.505	0.42212754017191845	0.18812257677743247
3.51	0.4221275401719182	0.18784491037942158
3.515	0.4221275401719181	0.18746678377576595
3.52	0.4221275401719181	0.18698732294260004
3.525	0.4221275401719179	0.18640601432849802
3.53	0.42212754017191795	0.18572271270796475
3.535	0.42212754017191784	0.18493764359636528
3.54	0.4221275401719178	0.18405141228810598
3.545	0.4221275401719178	0.1830650004930339
3.55	0.42212754017191767	0.18197976942261174
3.555	0.4221275401719176	0.18079745726030635
3.56	0.42212754017191745	0.17952017517612315
3.565	0.42212754017191745	0.1781504023376272
3.57	0.42212754017191734	0.17669097704793627
3.575	0.42212754017191717	0.17514508814414229
3.58	0.422127540171917	0.17351626157665137
3.585	0.42212754017191695	0.171808349169395
3.59	0.42212754017191667	0.17002551266489366
3.595	0.42212754017191645	0.16817220457099333
3.6	0.4221275401719163	0.16625315174980224
3.605	0.42212754017191767	0.1642733341020259
3.61	0.4221275401719175	0.16223796219946504
3.615	0.4221275401719176	0.16015245502276038
3.62	0.4221275401719176	0.15802241424127678
3.625	0.42212754017191756	0.1558535996533928
3.63	0.42212754017191756	0.1536519031702785
3.635	0.4221275401719175	0.15142331902208483
3.64	0.42212754017191756	0.14917391906775812
3.645	0.4221275401719175	0.14690982337646846
3.65	0.42212754017191756	0.1446371705298702
3.655	0.42212754017191756	0.14236209132613334
3.66	0.42212754017191756	0.14009067889389393
3.665	0.42212754017191767	0.13782896105172213
3.67	0.42212754017191767	0.13558287292971205
3.675	0.4221275401719175	0.133358229174411
3.68	0.42212754017191756	0.1311606989963928
3.685	0.4221275401719176	0.12899578111675544
3.69	0.42212754017191756	0.12686877830712445
3.695	0.42212754017191756	0.12478477665381749
3.7	0.4221275401719176	0.12274862290531745
3.705	0.42212754017191756	0.1207649056528112
3.71	0.4221275401719176	0.11883793704408804
3.715	0.42212754017191756	0.11697173662200402
3.72	0.4221275401719176	0.11517001692711615
3.725	0.42212754017191756	0.11343617147067257
3.73	0.4221275401719176	0.11177326298611434
3.735	0.42212754017191756	0.11018401679601947
3.74	0.42212754017191756	0.1086708134009012
3.745	0.42212754017191756	0.10723568380492976
3.75	0.42212754017191756	0.10588030820932712
3.755	0.42212754017191756	0.10460601507492134
3.76	0.42212754017191756	0.10341378306946401
3.765	0.42212754017191756	0.10230424483534857
3.77	0.42212754017191767	0.10127769250865203
3.775	0.4221275401719176	0.10033408537889706
3.78	0.42212754017191756	0.09947305873270357
3.785	0.42212754017191756	0.0986939351920561
3.79	0.4221275401719175	0.0979957366586403
3.795	0.42212754017191756	0.09737719848909909
3.8	0.4221275401719176	0.0968367843727763
3.805	0.4221275401719176	0.09637270382273744
3.81	0.42212754017191606	0.09598292812445713
3.815	0.4221275401719164	0.09566520988862173
3.82	0.42212754017191645	0.09541710211635457
3.825	0.42212754017191667	0.09523597808849575
3.83	0.42212754017191695	0.09511905252128465
3.835	0.4221275401719171	0.09506340069246683
3.84	0.4221275401719172	0.09506598440850571
3.845	0.42212754017191734	0.09512366762871692
3.85	0.42212754017191745	0.0952332414853051
3.855	0.42212754017191756	0.09539144504467183
3.86	0.42212754017191767	0.09559498668741234
3.865	0.4221275401719177	0.0958405646152707
3.87	0.4221275401719178	0.09612488086604681
3.875	0.4221275401719177	0.09644469008353972
3.88	0.4221275401719178	0.09679677324698098
3.885	0.4221275401719178	0.0971779885164101
3.89	0.4221275401719178	0.09758528020714456
3.895	0.4221275401719178	0.09801569550263077
3.9	0.4221275401719177	0.0984664002138361
3.905	0.42212754017191784	0.09893469436390366
3.91	0.4221275401719178	0.0994180251657376
3.915	0.4221275401719177	0.09991400014602381
3.92	0.42212754017191784	0.10042039632580378
3.925	0.4221275401719177	0.10093517334196611
3.93	0.4221275401719177	0.10145647980064276
3.935	0.4221275401719177	0.10198266116368374
3.94	0.4221275401719178	0.10251226548916992
3.945	0.42212754017191767	0.10304404793434453
3.95	0.42212754017191767	0.10357697374588791
3.955	0.42212754017191767	0.10411021983822502
3.96	0.42212754017191767	0.10464317499700851
3.965	0.42212754017191767	0.10517543838025352
3.97	0.42212754017191767	0.10570681719733961
3.975	0.42212754017191767	0.10623732264732678
3.98	0.4221275401719177	0.10676716357485157
3.985	0.4221275401719177	0.10729674121034374
3.99	0.4221275401719178	0.10782664029857009
3.995	0.4221275401719177	0.10835761425181961
4.0	0.4221275401719177	0.1088905967526989
4.005	0.4221275401719177	0.10942665771725012
4.01	0.4221275401719177	0.10996701527927871
4.015	0.42212754017191784	0.11051301090808174
4.02	0.42212754017191784	0.11106610000166071
4.025	0.4221275401719177	0.1116278350655254
4.03	0.4221275401719177	0.11219991239844358
4.035	0.4221275401719177	0.11278384773621422
4.04	0.4221275401719177	0.11338157468891118
4.045	0.42212754017191767	0.11399481316601683
4.05	0.42212754017191767	0.11462535961478625
4.055	0.4221275401719177	0.11527500815874746
4.06	0.4221275401719178	0.11594553337113549
4.065	0.4221275401719177	0.11663867364784594
4.07	0.4221275401719178	0.11735611447138625
4.075	0.4221275401719178	0.11809947134933002
4.08	0.4221275401719177	0.11887027533542747
4.085	0.4221275401719178	0.1196699571564707
4.09	0.4221275401719178	0.12049983312202271
4.095	0.4221275401719177	0.12136109138052724
4.1	0.4221275401719178	0.12225478069403087
4.105	0.4221275401719177	0.12318179786746758
4.11	0.42212754017191767	0.12414287780295633
4.115	0.42212754017191767	0.1251385846396247
4.12	0.4221275401719178	0.12616930476803478
4.125	0.4221275401719177	0.12723524010151308
4.13	0.4221275401719178	0.12833640353686585
4.135	0.4221275401719177	0.1294726155969811
4.14	0.4221275401719177	0.1306435027535875
4.145	0.4221275401719179	0.1318484971332654
4.15	0.422127540171918	0.13308683830232956
4.155	0.4221275401719179	0.13435757361218933
4.16	0.42212754017191784	0.1356595663216371
4.165	0.4221275401719179	0.1369914987202171
4.17	0.4221275401719178	0.13835187970628496
4.175	0.42212754017191767	0.1397390532522386
4.18	0.4221275401721694	0.14115120805708695
4.185	0.4221275401719175	0.1425863884078079
4.19	0.4221275401719174	0.14404250603693
4.195	0.4221275401719173	0.1455173530765684
4.2	0.42212754017191684	0.14700861576645788
4.205	0.4221275401719167	0.14851388876932203
4.21	0.42212754017191656	0.15003069051742537
4.215	0.4221275401719164	0.15155647769607605
4.22	0.4221275401719161	0.1530886687528153
4.225	0.4221275401719175	0.15462464010436017
4.23	0.42212754017191756	0.1561617678605456
4.235	0.4221275401719174	0.1576974277577001
4.24	0.42212754017191734	0.15922901589979604
4.245	0.4221275401719175	0.16075396387899657
4.25	0.42212754017191745	0.1622697541889121
4.255	0.42212754017191756	0.16377393481467145
4.26	0.42212754017191745	0.16526413367328782
4.265	0.4221275401719175	0.16673807118899517
4.27	0.42212754017191756	0.16819357306198388
4.275	0.42212754017191745	0.16962858091620125
4.28	0.42212754017191745	0.17104116509959913
4.285	0.42212754017191745	0.1724295301260585
4.29	0.4221275401719176	0.1737920249059672
4.295	0.4221275401719174	0.1751271494600252
4.3	0.42212754017191745	0.17643355997750793
4.305	0.4221275401719175	0.17771007354043886
4.31	0.42212754017191756	0.17895567064001716
4.315	0.42212754017191745	0.1801694973544448
4.32	0.4221275401719175	0.18135086469431452
4.325	0.42212754017191745	0.1824992519442874
4.33	0.4221275401719175	0.1836142973977304
4.335	0.4221275401719176	0.18469580437372982
4.34	0.4221275401719175	0.18574372862575794
4.345	0.42212754017191745	0.1867581802383727
4.35	0.4221275401719263	0.187739414400801
4.355	0.4221275401719175	0.18868782560804426
4.36	0.4221275401719176	0.18960394041688777
4.365	0.42212754017191767	0.19048840877807696
4.37	0.42212754017191767	0.19134199837499696
4.375	0.42212754017191767	0.1921655839262504
4.38	0.4221275401719177	0.1929601367852747
4.385	0.42212754017191767	0.19372671838499123
4.39	0.4221275401719177	0.19446646985067054
4.395	0.4221275401719177	0.19518060408286955
4.4	0.42212754017191756	0.19587039414334237
4.405	0.4221275401719176	0.19653716746082464
4.41	0.42212754017191756	0.19718229624955919
4.415	0.42212754017191756	0.1978071858693934
4.42	0.4221275401719175	0.1984132733501639
4.425	0.4221275401719176	0.19900201484500338
4.43	0.4221275401719162	0.19957488385243413
4.435	0.42212754017191645	0.2001333546988626
4.44	0.4221275401719166	0.2006789178757272
4.445	0.4221275401719169	0.2012130492357802
4.45	0.422127540171917	0.20173722151290246
4.455	0.4221275401719173	0.20225289655282735
4.46	0.42212754017191745	0.20276152198217606
4.465	0.42212754017191756	0.20326452957749047
4.47	0.42212754017191767	0.2037633283428496
4.475	0.4221275401719178	0.20425930980423054
4.48	0.4221275401719178	0.20475384050446777
4.485	0.4221275401719179	0.20524826588491873
4.49	0.4221275401719179	0.20574390590535507
4.495	0.422127540171918	0.20624205207889193
4.5	0.4221275401719181	0.20674397804963657
4.505	0.4221275401719181	0.2072509240428523
4.51	0.42212754017191817	0.20776410915984533
4.515	0.4221275401719183	0.2082847238634056
4.52	0.4221275401719184	0.20881393670486065
4.525	0.4221275401719185	0.2093528842252064
4.53	0.4221275401719188	0.20990267779573055
4.535	0.42212754017191906	0.21046439996458988
4.54	0.42212754017191917	0.21103910361491857
4.545	0.4221275401719196	0.211627809996383
4.55	0.42212754017192006	0.21223150751172043
4.555	0.42212754017192056	0.21285114848800457
4.56	0.4221275401719213	0.21348764670499704
4.565	0.4221275401719219	0.21414187549688327
4.57	0.4221275401719229	0.21481466219632578
4.575	0.422127540171924	0.2155067853680686
4.58	0.4221275401719254	0.21621897005407004
4.585	0.42212754017192705	0.21695188369884327
4.59	0.42212754017192894	0.21770613025542745
4.595	0.42212754017198933	0.21848224524563734
4.6	0.4221275401719984	0.21928069041308582
4.605	0.42212754017200377	0.2201018475671786
4.61	0.4221275401720067	0.22094601489136803
4.615	0.4221275401720081	0.2218133960429648
4.62	0.42212754017200854	0.22270410018406547
4.625	0.4221275401970098	0.22361813280811926
4.63	0.4221275401918165	0.22455539095893168
4.635	0.4221275401876514	0.2255156570302442
4.64	0.4221275401843231	0.2264985968973453
4.645	0.4221275401816725	0.22750375104787912
4.65	0.4221275401795687	0.2285305325089915
4.655	0.4221275401779041	0.22957822316449983
4.66	0.4221275401765906	0.23064597158110486
4.665	0.42212754017555654	0.23173278842468154
4.67	0.4221275401747432	0.2328375465008726
4.675	0.42212754017404713	0.2339589794472559
4.68	0.4221275401735546	0.23509568157218597
4.685	0.4221275401731722	0.23624610907891166
4.69	0.42212754017287635	0.23740858149214691
4.695	0.42212754017264825	0.2385812838650032
4.7	0.4221275401724728	0.2397622712386784
4.705	0.4221275401723383	0.24094947236613729
4.71	0.4221275401722354	0.2421406963649428
4.715	0.42212754017215703	0.24333363702486846
4.72	0.4221275401720974	0.24452588251729263
4.725	0.4221275401720523	0.245714921792887
4.73	0.42212754017201815	0.2468981545221512
4.735	0.42212754017199267	0.24807290173096747
4.74	0.4221275401719733	0.24923641241157288
4.745	0.42212754017195886	0.2503858810622868
4.75	0.422127540171948	0.2515184539583238
4.755	0.4221275401719401	0.25263124908791557
4.76	0.4221275401719342	0.25372135940213103
4.765	0.4221275401719298	0.2547858731547333
4.77	0.42212754017192655	0.25582188589030774
4.775	0.4221275401719242	0.2568265148421114
4.78	0.4221275401719224	0.2577969134748083
4.785	0.42212754017192106	0.258730284949999
4.79	0.42212754017192	0.25962389426718585
4.795	0.4221275401719192	0.2604750869983081
4.8	0.42212754017191867	0.26128130724356524
4.805	0.4221275401719182	0.2620400981095034
4.81	0.42212754017191784	0.2627491261670417
4.815	0.42212754017191756	0.26340618806676774
4.82	0.422127540171917	0.26400923470800636
4.825	0.42212754017191667	0.2645563670358109
4.83	0.4221275401719165	0.26504585785519996
4.835	0.4221275401719161	0.26547615999571644
4.84	0.42212754017191595	0.26584591639552546
4.845	0.42212754017191756	0.26615396861641294
4.85	0.4221275401719175	0.2663993662277161
4.855	0.42212754017191745	0.2665813727452482
4.86	0.4221275401719175	0.2666994735377589
4.865	0.42212754017191745	0.2667533804569259
4.87	0.42212754017191745	0.26674303679967687
4.875	0.42212754017191767	0.2666686200521605
4.88	0.4221275401719176	0.26653054571626333
4.885	0.4221275401719176	0.26632946816800707
4.89	0.4221275401719176	0.26606628072435595
4.895	0.42212754017191767	0.26574211631320516
4.9	0.42212754017191767	0.2653583453019953
4.905	0.4221275401719176	0.26491657330120794
4.91	0.4221275401719176	0.2644186376948056
4.915	0.42212754017191767	0.2638666042716222
4.92	0.4221275401719177	0.2632627596460503
4.925	0.4221275401719177	0.2626096082725417
4.93	0.42212754017191767	0.2619098632050324
4.935	0.4221275401719178	0.26116643912116866
4.94	0.4221275401719178	0.2603824449241152
4.945	0.42212754017191784	0.2595611718812051
4.95	0.42212754017191784	0.2587060853221192
4.955	0.42212754017191784	0.2578208135258148
4.96	0.4221275401719179	0.2569091372760452
4.965	0.42212754017191784	0.2559749730931381
4.97	0.42212754017191784	0.255022367254781
4.975	0.4221275401719178	0.2540554783249808
4.98	0.42212754017191767	0.2530785639585307
4.985	0.42212754017191767	0.25209596679469937
4.99	0.42212754017191767	0.25111209923540917
4.995	0.42212754017191767	0.2501314284079492
5.0	0.42212754017191767	0.24915846030323818
