2	0.08503926692653048	0.8782810101957673
4	0.07711969889441232	0.8352630646565874
6	0.0889571290356916	0.7966801200742537
8	0.10108701279075	0.76245061946372
10	0.11358524734270053	0.7312541452781806
12	0.12649019510344847	0.7023373440336883
14	0.1398265025329818	0.6752028969088681
16	0.15361758340530982	0.6494838553457234
18	0.16789509185036378	0.6248817216596673
20	0.18270891407437048	0.6011293226013832
22	0.19814056192443355	0.5779619563331081
24	0.2143237867839376	0.555088857892997
26	0.23148358482318862	0.5320094840653464
28	0.25001641946764724	0.5084530448133835
30	0.27067533880572675	0.4834402299300395
32	0.2952150542232255	0.45510922689042227
34	0.3303685578227183	0.41662336266653244
35  0.3739525590065269  0.37198119531192014