V, MHC_k, MHC_DOS_k
-5.0	2.7823091947595935	2.3854950361645395
-4.995	2.782309194759594	2.3999210434748783
-4.99	2.782309194759594	2.4144620344495236
-4.985	2.7823091947595935	2.42913521412518
-4.98	2.782309194759594	2.4439575252352816
-4.975	2.782309194759593	2.458945595423414
-4.97	2.7823091947595935	2.474115690495416
-4.965	2.782309194759308	2.489483666886629
-4.96	2.782309194759357	2.505064931094955
-4.955	2.7823091947593994	2.5208743994071194
-4.95	2.782309194759437	2.5369264806360214
-4.945	2.7823091947594705	2.5532350241855926
-4.94	2.7823091947594993	2.569813309150316
-4.935	2.7823091947595238	2.5866740221838147
-4.93	2.7823091947595446	2.603829247714399
-4.925	2.782309194759562	2.6212904295566757
-4.92	2.7823091947595766	2.6390684043779418
-4.915	2.782309194759589	2.657173361243607
-4.91	2.7823091947595993	2.6756148672069426
-4.905	2.7823091948873073	2.694401855577126
-4.9	2.7823091948710825	2.713542642923143
-4.895	2.782309194856762	2.733044935379286
-4.89	2.782309194844147	2.7529158382566714
-4.885	2.7823091948330534	2.7731618881542106
-4.88	2.782309194823318	2.793789052950649
-4.875	2.7823091948147884	2.8148027691424673
-4.87	2.782309194807328	2.836207965829409
-4.865	2.7823091948008143	2.858009082633829
-4.86	2.7823091947951375	2.880210095102112
-4.855	2.7823091947901974	2.9028145434130455
-4.85	2.7823091947859058	2.9258255816901446
-4.845	2.782309194782184	2.9492459789864762
-4.84	2.7823091947789615	2.97307817242603
-4.835	2.7823091947761753	2.9973242738940504
-4.83	2.7823091947737693	3.02198612177635
-4.825	2.782309194771697	3.047065295580361
-4.82	2.782309194769913	3.0725631451171616
-4.815	2.7823091947683802	3.0984808191259905
-4.81	2.782309194767065	3.1248192823902983
-4.805	2.7823091947659377	3.1515793477134704
-4.8	2.782309194764974	3.1787616884268837
-4.795	2.7823091947641507	3.2063668578371702
-4.79	2.7823091947634486	3.2343953030179495
-4.785	2.7823091947628504	3.262847378623189
-4.78	2.782309194762341	3.291723355429613
-4.775	2.782309194761909	3.3210234323906946
-4.77	2.782309194761542	3.3507477229336424
-4.765	2.782309194761231	3.3808962755710694
-4.76	2.7823091947609675	3.411469064588084
-4.755	2.7823091947607463	3.442465976639365
-4.75	2.7823091947605585	3.4738868104068383
-4.745	2.7823091947604004	3.505731259555045
-4.74	2.7823091947602667	3.537998910112791
-4.735	2.7823091947601557	3.5706892021082317
-4.73	2.7823091947600624	3.6038014279786483
-4.725	2.782309194759983	3.6373346965423607
-4.72	2.7823091947599172	3.6712879285471454
-4.715	2.7823091947598626	3.7056598075565694
-4.71	2.782309194759817	3.7404487549121574
-4.705	2.7823091947598644	3.7756529110881942
-4.7	2.782309194759747	3.811270169067244
-4.695	2.7823091947597196	3.847297874234796
-4.69	2.782309194759698	3.883733084244668
-4.685	2.782309194759679	3.9205726272830783
-4.68	2.7823091947596645	3.957812643944474
-4.675	2.782309194759652	3.9954488620851145
-4.67	2.782309194759642	4.033476493778828
-4.665	2.782309194759636	4.071890183240046
-4.66	2.782309194759628	4.110684004681515
-4.655	2.782309194759622	4.149851409019534
-4.65	2.7823091947596157	4.189385200793652
-4.645	2.782309194759611	4.229277511024634
-4.64	2.7823091947596077	4.26951966374029
-4.635	2.7823091947596055	4.310102694218901
-4.63	2.7823091947596033	4.35101623215229
-4.625	2.782309194759601	4.3922495899414296
-4.62	2.7823091947595993	4.433791195539252
-4.615	2.7823091947595984	4.47562866632944
-4.61	2.7823091947595975	4.517748842887916
-4.605	2.782309194759596	4.560137739475962
-4.6	2.7823091947595957	4.6027805721509445
-4.595	2.7823091947595953	4.645661739239125
-4.59	2.7823091947595953	4.688764845062324
-4.585	2.782309194759595	4.732072693138899
-4.58	2.7823091947595953	4.775567297290283
-4.575	2.7823091947595944	4.819229901144517
-4.57	2.7823091947595944	4.863041000592828
-4.565	2.7823091947595935	4.906980359887936
-4.56	2.782309194759594	4.951027043253901
-4.555	2.782309194759594	4.995159427238521
-4.55	2.7823091947595935	5.039355260600537
-4.545	2.7823091947595935	5.083591679507379
-4.54	2.782309194759594	5.127845259257147
-4.535	2.782309194759594	5.172092042432946
-4.53	2.7823091947595935	5.216307592320942
-4.525	2.7823091947595944	5.260467038072027
-4.52	2.7823091947595957	5.304545127543256
-4.515	2.782309194759597	5.348516275712887
-4.51	2.7823091947595935	5.392354622096844
-4.505	2.7823091947595935	5.436034072407409
-4.5	2.782309194759594	5.479528386629502
-4.495	2.782309194759594	5.522811219025435
-4.49	2.7823091947595944	5.565856185370736
-4.485	2.7823091947595935	5.6086369002621765
-4.48	2.782309194759594	5.651127071794587
-4.475	2.782309194759594	5.693300549402147
-4.47	2.782309194759593	5.735131385012536
-4.465	2.7823091947595935	5.776593929259476
-4.46	2.7823091947595944	5.817662840928989
-4.455	2.7823091947595935	5.858313193241647
-4.45	2.782309194759594	5.898520509363953
-4.445	2.782309194759594	5.938260859059937
-4.44	2.782309194759594	5.977510874294231
-4.435	2.782309194759593	6.016247860751553
-4.43	2.782309194759594	6.05444981643727
-4.425	2.782309194759594	6.092095525830185
-4.42	2.7823091947595935	6.129164578078239
-4.415	2.782309194759594	6.165637455508465
-4.41	2.782309194759594	6.201495564111936
-4.405	2.7823091947595944	6.23672130495789
-4.4	2.782309194759594	6.271298084975163
-4.395	2.782309194759594	6.305210419014382
-4.39	2.7823091947595944	6.338443940954685
-4.385	2.7823091947595935	6.370985430787065
-4.38	2.7823091947595935	6.402822882506849
-4.375	2.782309194759594	6.433945540714903
-4.37	2.7823091947595935	6.464343895700157
-4.365	2.7823091947595935	6.494009752409039
-4.36	2.782309194759593	6.522936240905272
-4.355	2.7823091947595926	6.551117834946339
-4.35	2.7823091947595926	6.578550374447287
-4.345	2.782309194759593	6.605231079447452
-4.34	2.7823091947595935	6.63115856654177
-4.335	2.7823091947595935	6.6563328497456515
-4.33	2.782309194759593	6.6807553478989625
-4.325	2.7823091947595935	6.704428887843381
-4.32	2.782309194759594	6.727357680199174
-4.315	2.7823091947595935	6.7495473481808625
-4.31	2.7823091947595935	6.771004877400088
-4.305	2.782309194759593	6.791738621986154
-4.3	2.782309194759594	6.811758268276746
-4.295	2.782309194759594	6.831074852755063
-4.29	2.7823091947595935	6.849700672648076
-4.285	2.782309194759594	6.8676492778166605
-4.28	2.782309194759594	6.884935448038965
-4.275	2.782309194759594	6.90157514422424
-4.27	2.7823091947595935	6.917585455581829
-4.265	2.782309194759594	6.93298453710663
-4.26	2.7823091947595935	6.947791665210834
-4.255	2.782309194759594	6.962026983545613
-4.25	2.782309194759594	6.9757116256745215
-4.245	2.7823091947595935	6.98886757189341
-4.24	2.7823091947595944	7.001517575747597
-4.235	2.7823091947595935	7.013685155098618
-4.23	2.7823091947595935	7.025394466980364
-4.225	2.7823091947595935	7.036670255268556
-4.22	2.7823091947595944	7.047537786983015
-4.215	2.782309194759594	7.058022750963467
-4.21	2.7823091947595944	7.068151207525503
-4.205	2.782309194759594	7.077949500775842
-4.2	2.782309194759594	7.087444154989262
-4.195	2.7823091947595944	7.0966618392383545
-4.19	2.7823091947595944	7.105629248915323
-4.185	2.782309194759594	7.114373047858594
-4.18	2.7823091947595944	7.122919770836408
-4.175	2.782309194759594	7.131295773241633
-4.17	2.782309194759594	7.139527096687995
-4.165	2.782309194759594	7.147639457926212
-4.16	2.782309194759594	7.1556581494469595
-4.155	2.7823091947595935	7.163607937349136
-4.15	2.782309194759594	7.171513025330099
-4.145	2.7823091947595935	7.179396958080473
-4.14	2.7823091947595935	7.187282608916527
-4.135	2.7823091947595935	7.195192053977622
-4.13	2.782309194759593	7.203146548217764
-4.125	2.7823091947595935	7.211166477529737
-4.12	2.7823091947595944	7.219271280194684
-4.115	2.7823091947595935	7.227479421750532
-4.11	2.782309194759594	7.235808371400028
-4.105	2.7823091947595935	7.244274514334678
-4.1	2.782309194759594	7.2528931650784285
-4.095	2.7823091947595935	7.26167852677428
-4.09	2.7823091947595935	7.270643679368426
-4.085	2.782309194759594	7.279800542092557
-4.08	2.782309194759593	7.289159868278133
-4.075	2.7823091947595935	7.298731306649221
-4.07	2.7823091947595935	7.308523292643147
-4.065	2.7823091947595926	7.318543122840699
-4.06	2.782309194759593	7.3287969559679444
-4.055	2.7823091947595926	7.339289818343899
-4.05	2.782309194759593	7.35002567699611
-4.045	2.7823091947595935	7.361007398554012
-4.04	2.782309194759593	7.372236804855081
-4.035	2.7823091947595926	7.383714734961564
-4.03	2.782309194759593	7.395441069507902
-4.025	2.782309194759593	7.407414790479266
-4.02	2.7823091947595926	7.419634034416352
-4.015	2.7823091947595926	7.432096119277383
-4.01	2.782309194759593	7.444797637047218
-4.005	2.782309194759593	7.457734522853203
-4.0	2.7823091947595926	7.470902057353148
-3.995	2.7823091947595935	7.484295027919
-3.99	2.7823091947595935	7.497907746027595
-3.985	2.7823091947595926	7.511734140950696
-3.98	2.782309194759593	7.525767819307539
-3.975	2.782309194759593	7.540002157178644
-3.97	2.782309194759594	7.554430374640602
-3.965	2.7823091947595935	7.569045609330626
-3.96	2.7823091947595935	7.58384101099379
-3.955	2.782309194759594	7.59880980058408
-3.95	2.782309194759594	7.613945394720403
-3.945	2.7823091947595935	7.629241415883624
-3.94	2.7823091947595935	7.644691803321093
-3.935	2.782309194759593	7.660290942032848
-3.93	2.7823091947595935	7.6760336336305395
-3.925	2.7823091947595935	7.69191527313836
-3.92	2.7823091947595935	7.7079318333678355
-3.915	2.7823091947595944	7.724079976031979
-3.91	2.7823091947595935	7.740357116682299
-3.905	2.7823091947595935	7.756761471870087
-3.9	2.7823091947595944	7.773292125149236
-3.895	2.782309194759593	7.789949101585662
-3.89	2.7823091947595944	7.806733319096592
-3.885	2.782309194759679	7.823646779710033
-3.88	2.7823091947595944	7.8406925105264325
-3.875	2.7823091947595935	7.857874636062629
-3.87	2.782309194759595	7.875198395009856
-3.865	2.782309194759594	7.8926701639139
-3.86	2.7823091947595935	7.910297499139894
-3.855	2.782309194759594	7.928089124827123
-3.85	2.7823091947595935	7.946054970139587
-3.845	2.7823091947595975	7.964206123646363
-3.84	2.7823091947595966	7.982554922147357
-3.835	2.7823091947595957	8.001114952584794
-3.83	2.7823091947595944	8.019900848117985
-3.825	2.7823091947595935	8.038928468434309
-3.82	2.782309194759594	8.058214812044444
-3.815	2.7823091947595926	8.077777998880446
-3.81	2.782309194759593	8.09763724206704
-3.805	2.782309194759593	8.117812791173366
-3.8	2.782309194759593	8.138325912150576
-3.795	2.782309194759593	8.15919877585824
-3.79	2.782309194759592	8.180454601203792
-3.785	2.782309194759591	8.202117328729464
-3.78	2.7823091947595913	8.224211739035608
-3.775	2.78230919475959	8.246763341113763
-3.77	2.782309194759589	8.269798300433647
-3.765	2.782309194759588	8.293343396653551
-3.76	2.7823091947595864	8.317425906578807
-3.755	2.7823091947595846	8.342073550359913
-3.75	2.7823091947595837	8.367314411276846
-3.745	2.782309194759582	8.393176850648803
-3.74	2.7823091947595784	8.419689424488247
-3.735	2.782309194759576	8.446880782200891
-3.73	2.7823091947595726	8.474779602845109
-3.725	2.7823091947595686	8.503414488503104
-3.72	2.782309194759564	8.53281389218147
-3.715	2.7823091947595575	8.563005986332
-3.71	2.7823091947595513	8.594018616894704
-3.705	2.782309194759544	8.625879193876893
-3.7	2.782309194759537	8.658614615911143
-3.695	2.7823091947595278	8.692250158090065
-3.69	2.782309194759513	8.726814349854514
-3.685	2.782309194759501	8.76232898693305
-3.68	2.782309194759487	8.798818981370086
-3.675	2.7823091947594696	8.836307219926475
-3.67	2.7823091947594523	8.874815627993968
-3.665	2.7823091947594327	8.914364970915154
-3.66	2.7823091947594127	8.95497483076864
-3.655	2.782309194759392	8.996663516174491
-3.65	2.782309194759371	9.039448012130935
-3.645	2.7823091947593506	9.083343885727208
-3.64	2.782309194759332	9.128365251322796
-3.635	2.7823091947593173	9.1745247049468
-3.63	2.7823091947593075	9.221833274704904
-3.625	2.782309194759309	9.270300383035348
-3.62	2.7823091947593244	9.319933744412937
-3.615	2.782309194759358	9.370739404203444
-3.61	2.7823091947594207	9.422721686847444
-3.605	2.782309194759519	9.475883129988679
-3.6	2.7823091947596668	9.530224475384674
-3.595	2.7823091947598786	9.58574468291261
-3.59	2.782309194760176	9.64244086923432
-3.585	2.7823091947605816	9.700308330316616
-3.58	2.782309194761129	9.759340518564521
-3.575	2.782309194761857	9.819529047843872
-3.57	2.782309194762814	9.880863695224521
-3.565	2.78230919476406	9.943332417427214
-3.56	2.782309194765671	10.006921356100955
-3.555	2.782309194767738	10.071614859409735
-3.55	2.7823091947703755	10.137395492456186
-3.545	2.7823091947737213	10.204244067349586
-3.54	2.782309194777945	10.272139679341812
-3.535	2.782309194783255	10.341059729222652
-3.53	2.782309194789901	10.41097993331562
-3.525	2.7823091947981875	10.481874409474493
-3.52	2.782309194808484	10.553715670938354
-3.515	2.782309194821236	10.62647468481328
-3.51	2.7823091948369774	10.7001209182807
-3.505	2.7823091948563548	10.774622376094817
-3.5	2.782309194880139	10.849945628883999
-3.495	2.782309194909254	10.926055882551143
-3.49	2.7823091949448053	11.00291701322793
-3.485	2.7823091949881094	11.08049161988441
-3.48	2.7823091950407304	11.15874104427119
-3.475	2.78230919510453	11.237625471377669
-3.47	2.782309195181711	11.317103927193061
-3.465	2.7823091952748804	11.397134331912183
-3.46	2.7823091948640197	11.477673559373669
-3.455	2.7823091948793097	11.558677471451285
-3.45	2.7823091948966145	11.640100969141672
-3.445	2.7823091947595935	11.721898022169526
-3.44	2.7823091947595824	11.80402293537861
-3.435	2.782309194759569	11.886424365391251
-3.43	2.7823091947595526	11.969057050319591
-3.425	2.7823091947595335	12.05187105961772
-3.42	2.782309194759511	12.134816082110943
-3.415	2.782309194759485	12.217841405285117
-3.41	2.7823091947594545	12.300895652446364
-3.405	2.7823091947594185	12.383926851905915
-3.4	2.782309194759378	12.466882435893258
-3.395	2.782309194759332	12.549709294946199
-3.39	2.782309194759281	12.632353820119073
-3.385	2.782309194759594	12.714761934937414
-3.38	2.7823091947595935	12.796879122843533
-3.375	2.7823091947595935	12.878650456071282
-3.37	2.7823091947595935	12.960020687778506
-3.365	2.7823091947595935	13.040934211580034
-3.36	2.782309194759594	13.12133515706557
-3.355	2.782309194759594	13.20116742683711
-3.35	2.7823091947595935	13.280374734748834
-3.345	2.7823091947595935	13.358900652441768
-3.34	2.7823091947595935	13.436688666794492
-3.335	2.782309194759593	13.513682222214767
-3.33	2.782309194759594	13.589824787036294
-3.325	2.7823091947593093	13.665059920001179
-3.32	2.7823091947593577	13.739331327583534
-3.315	2.7823091947594003	13.812582925812636
-3.31	2.782309194759438	13.884758910586408
-3.305	2.7823091947594714	13.955803842768047
-3.3	2.7823091947595	14.025662763033768
-3.295	2.782309194759524	14.094281183193852
-3.29	2.7823091947595455	14.161605254314281
-3.285	2.7823091947595624	14.227581847683778
-3.28	2.7823091947595766	14.292158615138813
-3.275	2.782309194759589	14.3552841211058
-3.27	2.7823091947595984	14.416907935397699
-3.265	2.7823091947596064	14.476980729651274
-3.26	2.7823091947596126	14.535454439815496
-3.255	2.7823091947596166	14.592282236575626
-3.25	2.7823091947596206	14.647418833872225
-3.245	2.7823091947596224	14.700820470217993
-3.24	2.7823091947596237	14.752445082585812
-3.235	2.7823091947596246	14.802252350168468
-3.23	2.782309194759625	14.850203947000386
-3.225	2.782309194759624	14.896263508693629
-3.22	2.782309194759623	14.9403969271594
-3.215	2.7823091947596224	14.982572241339065
-3.21	2.7823091947596206	15.022759937869901
-3.205	2.7823091947596192	15.060932997813657
-3.2	2.7823091947596175	15.097066975531543
-3.195	2.7823091947596152	15.131140146634577
-3.19	2.7823091947596144	15.163133595452917
-3.185	2.782309194759612	15.193031297235294
-3.18	2.7823091947596104	15.220820209050245
-3.175	2.7823091947596095	15.24649037977922
-3.17	2.7823091947596073	15.270034943695245
-3.165	2.7823091947596064	15.291450217401033
-3.16	2.7823091947596055	15.310735841058266
-3.155	2.7823091947596046	15.327894759496466
-3.15	2.7823091947596037	15.34293320076748
-3.145	2.782309194759602	15.355860792149844
-3.14	2.7823091947596015	15.36669053951737
-3.135	2.7823091947596006	15.375438830174911
-3.13	2.7823091947596	15.382125439791173
-3.125	2.7823091947595993	15.386773470872795
-3.12	2.7823091947595984	15.38940941896385
-3.115	2.7823091947595975	15.390063013993828
-3.11	2.7823091947595975	15.388767241216218
-3.105	2.782309194759597	15.38555828118929
-3.1	2.7823091947595966	15.380475340409351
-3.095	2.782309194759596	15.373560689605652
-3.09	2.7823091947595957	15.36485950060428
-3.085	2.7823091947595957	15.354419693279747
-3.08	2.7823091947595953	15.342291851148124
-3.075	2.7823091947595957	15.328529136119563
-3.07	2.7823091947595957	15.31318711892469
-3.065	2.78230919475968	15.2963235418607
-3.06	2.7823091947595944	15.277998274754008
-3.055	2.7823091947595944	15.258273092599731
-3.05	2.782309194759595	15.237211505327659
-3.045	2.7823091947595944	15.214878636992147
-3.04	2.7823091947595944	15.191340886295794
-3.035	2.7823091947595944	15.16666592411702
-3.03	2.7823091947595935	15.140922373399192
-3.025	2.7823091947595975	15.114179685193493
-3.02	2.782309194759596	15.086507890596062
-3.015	2.782309194759595	15.05797744034017
-3.01	2.782309194759595	15.028659016534753
-3.005	2.7823091947595935	14.998623291927453
-3.0	2.7823091947595935	14.967940777100317
-2.995	2.782309194759594	14.936681670048586
-2.99	2.7823091947595935	14.904915583217642
-2.985	2.7823091947595944	14.872711437571269
-2.98	2.782309194759594	14.840137259360775
-2.975	2.7823091947595935	14.807260092410946
-2.97	2.782309194759594	14.774145725682594
-2.965	2.782309194759594	14.740858641723928
-2.96	2.782309194759593	14.707461863361088
-2.955	2.782309194759594	14.67401681372346
-2.95	2.782309194759594	14.640583251358038
-2.945	2.782309194759594	14.607219124276012
-2.94	2.7823091947595944	14.573980476155246
-2.935	2.7823091947595944	14.540921436464723
-2.93	2.7823091947595935	14.50809409480701
-2.925	2.7823091947595944	14.47554640808516
-2.92	2.7823091947595935	14.44333257324969
-2.915	2.7823091947595935	14.411492145510083
-2.91	2.7823091947595935	14.380070904284901
-2.905	2.7823091947595935	14.349110416299137
-2.9	2.7823091947595935	14.318650131884647
-2.895	2.782309194759594	14.288727434251614
-2.89	2.782309194759593	14.25937763624399
-2.885	2.782309194759595	14.230634071314174
-2.88	2.7823091947595957	14.202528128724946
-2.875	2.782309194759597	14.175089345236648
-2.87	2.782309194759593	14.148345429037635
-2.865	2.7823091947595935	14.122322409942086
-2.86	2.7823091947595935	14.097044703471953
-2.855	2.7823091947595935	14.072535181878031
-2.85	2.782309194759593	14.048815318648622
-2.845	2.7823091947595926	14.025905289701802
-2.84	2.782309194759594	14.003824073046387
-2.835	2.782309194759593	13.982589481459842
-2.83	2.782309194759593	13.962218435653917
-2.825	2.782309194759594	13.942726957851983
-2.82	2.782309194759593	13.924130317089135
-2.815	2.7823091947595944	13.906443132133703
-2.81	2.782309194759593	13.889679475663876
-2.805	2.7823091947595935	13.8738529787727
-2.8	2.782309194759593	13.858976927251106
-2.795	2.782309194759593	13.845064362242757
-2.79	2.7823091947595935	13.832128131262827
-2.785	2.7823091947595935	13.820180988564635
-2.78	2.7823091947595935	13.809235689521701
-2.775	2.782309194759593	13.799304955280805
-2.77	2.782309194759594	13.790401634051833
-2.765	2.7823091947595935	13.782538737170142
-2.76	2.7823091947595926	13.775729350459647
-2.755	2.7823091947595935	13.769986766849355
-2.75	2.7823091947595935	13.765324464584525
-2.745	2.782309194759594	13.761756111710145
-2.74	2.782309194759593	13.759295594904893
-2.735	2.782309194759593	13.757956846925824
-2.73	2.7823091947595935	13.757754044386614
-2.725	2.7823091947595935	13.758701401859915
-2.72	2.7823091947595926	13.760813194308634
-2.715	2.782309194759593	13.764103655225357
-2.71	2.7823091947595935	13.768586994908475
-2.705	2.7823091947595935	13.7742772191263
-2.7	2.782309194759593	13.781188137329734
-2.695	2.7823091947595935	13.789333219106055
-2.69	2.7823091947595935	13.79872553945509
-2.685	2.782309194759593	13.809377660506742
-2.68	2.782309194759593	13.821301520888127
-2.675	2.7823091947595935	13.834508361611771
-2.67	2.782309194759593	13.849008593852972
-2.665	2.782309194759593	13.864811728751889
-2.66	2.782309194759593	13.881926183809949
-2.655	2.7823091947595944	13.900359239694811
-2.65	2.7823091947595935	13.92011694418538
-2.645	2.7823091947595935	13.94120396123011
-2.64	2.7823091947595935	13.963623436683035
-2.635	2.782309194759594	13.987376988540444
-2.63	2.7823091947595944	14.01246453189992
-2.625	2.782309194759594	14.038884165938676
-2.62	2.7823091947595935	14.066632156546973
-2.615	2.7823091947595935	14.095702812560146
-2.61	2.782309194759594	14.126088398654524
-2.605	2.7823091947595944	14.157779048564997
-2.6	2.7823091947595935	14.190762703390659
-2.595	2.7823091947595944	14.225025167133184
-2.59	2.7823091947595944	14.260549780952482
-2.585	2.782309194759594	14.297317622854367
-2.58	2.782309194759594	14.335307381220206
-2.575	2.782309194759594	14.374495285707216
-2.57	2.782309194759594	14.414855165613574
-2.565	2.782309194759594	14.456358340042986
-2.56	2.7823091947595944	14.498973643935543
-2.555	2.782309194759594	14.542667429762771
-2.55	2.7823091947595944	14.587403452571273
-2.545	2.782309194759594	14.633143271070843
-2.54	2.7823091947595944	14.679845651087462
-2.535	2.782309194759594	14.727467044456372
-2.53	2.782309194759594	14.775961402924798
-2.525	2.7823091947595944	14.825280313126791
-2.52	2.782309194759594	14.875372912980739
-2.515	2.782309194759594	14.926186009642505
-2.51	2.782309194759595	14.977664097268274
-2.505	2.7823091947595944	15.029749378382633
-2.5	2.7823091947595944	15.082381819492328
-2.495	2.782309194759594	15.135499168632435
-2.49	2.782309194759594	15.189037046362218
-2.485	2.7823091947595944	15.242928927705517
-2.48	2.782309194759594	15.2971062323255
-2.475	2.7823091947595944	15.351498384209814
-2.47	2.782309194759594	15.40603282527754
-2.465	2.782309194759595	15.46063508058461
-2.46	2.7823091947595944	15.515228808658009
-2.455	2.7823091947595944	15.569735835331437
-2.45	2.7823091947595935	15.62407621881029
-2.445	2.782309194759594	15.678168293283967
-2.44	2.7823091947595935	15.731928735847124
-2.435	2.782309194759594	15.7852725781595
-2.43	2.7823091947595935	15.838113293695118
-2.425	2.782309194759594	15.890362846541022
-2.42	2.782309194759594	15.941931730131197
-2.415	2.782309194759594	15.992729025257901
-2.41	2.7823091947595935	16.042662464648668
-2.405	2.782309194759594	16.091638498101236
-2.4	2.7823091947595935	16.139562386211985
-2.395	2.7823091947595935	16.186338166917743
-2.39	2.782309194759593	16.231868824686455
-2.385	2.782309194759593	16.27605612021918
-2.38	2.7823091947595935	16.318801487996748
-2.375	2.7823091947595935	16.36000495358195
-2.37	2.7823091947595935	16.39956590304425
-2.365	2.782309194759594	16.43738314983332
-2.36	2.7823091947595935	16.473354900204633
-2.355	2.782309194759593	16.507378955641094
-2.35	2.782309194759593	16.539352784441494
-2.345	2.7823091947595935	16.569173647458204
-2.34	2.7823091947595935	16.59673875905704
-2.335	2.782309194759593	16.621945427331188
-2.33	2.782309194759593	16.644691137147472
-2.325	2.782309194759594	16.664873855426396
-2.32	2.782309194759594	16.68239206930882
-2.315	2.782309194759593	16.697144991315692
-2.31	2.782309194759594	16.70903282506901
-2.305	2.7823091947595935	16.717956806482352
-2.3	2.7823091947595944	16.723819551443015
-2.295	2.782309194759594	16.72652521350912
-2.29	2.782309194759594	16.725979685344146
-2.285	2.7823091947595935	16.722090785760845
-2.28	2.782309194759594	16.71476858178955
-2.275	2.782309194759593	16.703925615731684
-2.27	2.782309194759593	16.68947700786385
-2.265	2.782309194759593	16.671340853098798
-2.26	2.782309194759594	16.64943834967491
-2.255	2.782309194759594	16.623694148742995
-2.25	2.7823091947595935	16.5940365107417
-2.245	2.7823091947596787	16.5603976166105
-2.24	2.7823091947595935	16.52271372633169
-2.235	2.7823091947595935	16.480925527793197
-2.23	2.7823091947595935	16.434978331131443
-2.225	2.7823091947595944	16.38482221107903
-2.22	2.7823091947595944	16.33041238354624
-2.215	2.782309194759594	16.271709314227003
-2.21	2.782309194759593	16.20867896959083
-2.205	2.7823091947595975	16.141293013834943
-2.2	2.7823091947595957	16.0695289655517
-2.195	2.7823091947595953	15.993370429823761
-2.19	2.782309194759595	15.912807198735
-2.185	2.7823091947595944	15.827835429178585
-2.18	2.7823091947595944	15.738457756174355
-2.175	2.7823091947595935	15.644683429135373
-2.17	2.7823091947595944	15.54652841394191
-2.165	2.7823091947595935	15.444015412048392
-2.16	2.782309194759594	15.337174001829572
-2.155	2.7823091947595935	15.226040631213476
-2.15	2.7823091947595935	15.110658650998777
-2.145	2.782309194759594	14.991078305645098
-2.14	2.782309194759594	14.867356723025777
-2.135	2.782309194759594	14.739557876242555
-2.13	2.782309194759594	14.607752499588894
-2.125	2.782309194759594	14.472018013522694
-2.12	2.7823091947595935	14.332438471341476
-2.115	2.7823091947595944	14.189104342179801
-2.11	2.782309194759594	14.042112428162751
-2.105	2.782309194759594	13.891565661697411
-2.1	2.7823091947595944	13.737572962459867
-2.095	2.7823091947595944	13.58024900288538
-2.09	2.7823091947595944	13.419713995822699
-2.085	2.782309194759594	13.256093450618534
-2.08	2.782309194759594	13.08951791497257
-2.075	2.782309194759594	12.920124413396506
-2.07	2.7823091947595944	12.748047568909788
-2.065	2.782309194759595	12.573436513884072
-2.06	2.782309194759596	12.396437398277502
-2.055	2.782309194759597	12.21720158495454
-2.05	2.7823091947595944	12.035883674210808
-2.045	2.7823091947595944	11.852641126115246
-2.04	2.782309194759594	11.667633919478497
-2.035	2.7823091946364897	11.481024198493893
-2.03	2.782309194759594	11.292975916455292
-2.025	2.7823091947595944	11.103654448773108
-2.02	2.782309194759595	10.91322627937625
-2.015	2.7823091947595944	10.721858589254824
-2.01	2.782309194759595	10.529718882678623
-2.005	2.7823091947595944	10.336974695783864
-2.0	2.782309194759595	10.143793158429787
-1.995	2.7823091947595953	9.950340697342087
-1.99	2.782309194759595	9.756782663674715
-1.985	2.7823091947595953	9.56328298265384
-1.98	2.7823091947595953	9.37000385937037
-1.975	2.7823091947595957	9.177105418847571
-1.97	2.7823091947595966	8.984745448837439
-1.965	2.7823091947595966	8.793079040899567
-1.96	2.7823091947595975	8.602258306385425
-1.955	2.782309194759597	8.412432159085292
-1.95	2.782309194759596	8.223746002705685
-1.945	2.782309194759597	8.036341493200013
-1.94	2.782309194759597	7.850356367025953
-1.935	2.782309194759597	7.665924125285133
-1.93	2.7823091947595966	7.4831739063260425
-1.925	2.782309194759596	7.302230280019621
-1.92	2.7823091947595957	7.123213082392052
-1.915	2.7823091947595953	6.946237288191994
-1.91	2.782309194759594	6.771412841612278
-1.905	2.7823091947595917	6.5988445632060495
-1.9	2.78230919475959	6.4286320485201625
-1.895	2.7823091947595873	6.260869569647039
-1.89	2.7823091947595837	6.095646054115334
-1.885	2.7823091947595793	5.9330447026851285
-1.88	2.782309194759573	5.773144074358078
-1.875	2.7823091947595664	5.616016452342528
-1.87	2.782309194759557	5.461728917397887
-1.865	2.782309194759545	5.31034303204688
-1.86	2.7823091947595313	5.161914956453287
-1.855	2.7823091947595127	5.016495433526443
-1.85	2.78230919475949	4.8741298420408015
-1.845	2.7823091947594625	4.734858267766164
-1.84	2.7823091947594283	4.598715584568345
-1.835	2.782309194759388	4.4657315213273305
-1.83	2.7823091947593372	4.335930786339531
-1.825	2.782309194759275	4.209333128881043
-1.82	2.7823091947592	4.085953496401784
-1.815	2.782309194759109	3.9658021350071326
-1.81	2.782309194758999	3.8488847171663756
-1.805	2.7823091947588656	3.7352024865472293
-1.8	2.782309194758705	3.624752524949546
-1.795	2.7823091947585112	3.5175272012386416
-1.79	2.782309194758278	3.413515741485661
-1.785	2.782309194757997	3.3127029583042225
-1.78	2.7823091947576595	3.215070112410191
-1.775	2.782309194757255	3.120594937493355
-1.77	2.782309194756769	3.0292517974850712
-1.765	2.7823091947561855	2.9410118440143926
-1.76	2.782309194755488	2.8558431905915627
-1.755	2.782309194754651	2.773711067681027
-1.75	2.782309194753651	2.69457797762726
-1.745	2.7823091947529357	2.6184038519534014
-1.74	2.782309194751596	2.545146236562569
-1.735	2.7823091947499914	2.474760420132149
-1.73	2.7823091947480685	2.4071996032752407
-1.725	2.782309194745764	2.342415051128453
-1.72	2.782309194743006	2.2803562348291235
-1.715	2.782309194739704	2.2209709883861786
-1.71	2.782309194735755	2.1642056439003152
-1.705	2.7823091947310323	2.1100051715779697
-1.7	2.782309194725387	2.0583133195560164
-1.695	2.782309194718642	2.009072742312976
-1.69	2.782309194710586	1.96222513866018
-1.685	2.782309194700686	1.9177113563413624
-1.68	2.782309194689259	1.8754715294059574
-1.675	2.782309194675617	1.83544518116909
-1.67	2.78230919465934	1.797571346097547
-1.665	2.782309194639934	1.7617886783334722
-1.66	2.7823091946168104	1.7280355396511922
-1.655	2.7823091945892755	1.6962501109549823
-1.65	2.782309194556506	1.6663704872138578
-1.645	2.782309194517529	1.6383347625780997
-1.64	2.782309194471195	1.6120811217634439
-1.635	2.7823091944161433	1.5875479230519949
-1.63	2.7823091943507725	1.564673777137584
-1.625	2.7823091944004816	1.543397623223935
-1.62	2.7823091942922717	1.5236588024010946
-1.615	2.782309194635688	1.5053971249505045
-1.61	2.7823091944050073	1.48855294188198
-1.605	2.782309194167838	1.4730672002804672
-1.6	2.7823091939170816	1.458881509845521
-1.595	2.782309193645322	1.4459381958909034
-1.59	2.782309193344636	1.4341803597543128
-1.585	2.782309193006382	1.4235519225920124
-1.58	2.782309192620992	1.4139976797095566
-1.575	2.7823091921777197	1.4054633441748776
-1.57	2.782309191664375	1.3978955967695323
-1.565	2.782309191067026	1.3912421222802522
-1.56	2.782309190369649	1.3854516527666192
-1.555	2.782309189553753	1.3804739972343432
-1.55	2.782309188597928	1.376260095394721
-1.545	2.7823091874773436	1.3727620307485962
-1.54	2.782309186163168	1.369933074105273
-1.535	2.782309184621902	1.3677277135015218
-1.53	2.7823091828146107	1.3661016714883274
-1.525	2.7823091806960476	1.3650119405640768
-1.52	2.782309178213639	1.3644168019519753
-1.515	2.7823091753063203	1.3642758478045063
-1.51	2.782309171903198	1.364550000016102
-1.505	2.7823091679220155	1.3652015258722172
-1.5	2.7823091631454235	1.366194058876967
-1.495	2.78230915768035	1.3674926056207903
-1.49	2.78230915129781	1.3690635607131527
-1.485	2.782309143848584	1.370874711773921
-1.48	2.782309135160079	1.3728952477486636
-1.475	2.7823091250328096	1.3750957654645006
-1.47	2.782309113236383	1.3774482647730555
-1.465	2.7823090995049053	1.3799261533088774
-1.46	2.782309083531743	1.3825042405212877
-1.455	2.7823090649635547	1.3851587352659458
-1.45	2.7823090433934845	1.3878672350685666
-1.445	2.782309018353421	1.3906087134370897
-1.44	2.782308989305189	1.39336351185615
-1.435	2.7823089556305494	1.396113320984159
-1.43	2.7823089166198463	1.3988411605047746
-1.425	2.782308871459208	1.4015313632153912
-1.42	2.7823088192155376	1.4041695427572207
-1.415	2.7823087588208497	1.4067425796473214
-1.41	2.7823086890527398	1.4092385757438568
-1.405	2.782308608513706	1.4116468400507969
-1.4	2.7823085156072485	1.413957845463903
-1.395	2.782308408510998	1.4161631880935444
-1.39	2.782308285146454	1.4182555608128813
-1.385	2.7823081431449164	1.4202287024771834
-1.38	2.782307979809169	1.4220773565536977
-1.375	2.782307792070447	1.4237972275134971
-1.37	2.7823075764401186	1.4253849311147164
-1.365	2.7823073289555347	1.426837946923829
-1.36	2.7823070451193392	1.4281545655973544
-1.355	2.782306719831587	1.429333837948301
-1.35	2.782306347313824	1.4303755167714736
-1.345	2.7823059210243204	1.4312800082398303
-1.34	2.782305433563479	1.4320483078272048
-1.335	2.782304876568413	1.4326819442910192
-1.33	2.7823042405955563	1.433182932196854
-1.325	2.782303514990091	1.433553700708444
-1.32	2.782302687740852	1.433797039433201
-1.315	2.782301745319269	1.433916043461303
-1.31	2.7823006725007726	1.4339140491541174
-1.305	2.7822994521669546	1.4337945841632678
-1.3	2.78229806508665	1.4335623934654569
-1.295	2.7822964896739495	1.4332179303155748
-1.29	2.7822947017209914	1.4327682194681601
-1.285	2.782292674103227	1.4322158853386338
-1.28	2.782290376454669	1.431564558802017
-1.275	2.782287774810467	1.430817738048675
-1.27	2.7822848312139494	1.429978741561215
-1.265	2.78228150328506	1.4290506608948372
-1.26	2.7822777437469686	1.4280363317490274
-1.255	2.782273499907325	1.4269382711266914
-1.25	2.7822687130905104	1.425758673327668
-1.245	2.7822633180169367	1.4244993509418666
-1.24	2.7822572421252327	1.423161717648404
-1.235	2.7822504048329417	1.4217467689564254
-1.23	2.7822427167310924	1.4202550539442023
-1.225	2.7822340787077353	1.418686659827476
-1.22	2.7822243809928473	1.417041207232968
-1.215	2.782213502134657	1.4153178313274457
-1.21	2.782201307862466	1.4135151845128395
-1.205	2.782187649883349	1.4116314373480021
-1.2	2.7821723645662373	1.4096642807509412
-1.195	2.782155271523442	1.4076109370093848
-1.19	2.7821361720803535	1.4054681742531485
-1.185	2.7821148476266253	1.4032323238956297
-1.18	2.7820910578420013	1.4008993008170616
-1.175	2.782064538789721	1.3984646351775114
-1.17	2.7820350008703976	1.3959234967149003
-1.165	2.782002126629101	1.3932707357296137
-1.16	2.7819655684083395	1.3905009125439458
-1.155	2.7819249458396147	1.3876083457522228
-1.15	2.781879843166212	1.3845871522603848
-1.145	2.7818298063899953	1.38143129761122
-1.14	2.7817743402350406	1.3781346434341488
-1.135	2.7817129049211617	1.3747259515227552
-1.13	2.78164491274059	1.371094185741609
-1.125	2.781569724431371	1.3673380675032227
-1.12	2.781486645341457	1.3634166362850761
-1.115	2.781394921377864	1.3593240540699594
-1.11	2.781293734735678	1.3550547168406404
-1.105	2.7811821994036223	1.3506033081780804
-1.1	2.781059356439621	1.3459648611685189
-1.095	2.7809241690173536	1.3411347413135393
-1.09	2.7807755172385757	1.336109069917208
-1.085	2.7806121927124954	1.330884045930979
-1.08	2.7804328929008237	1.3254567292268429
-1.075	2.7802362152310494	1.3198247293914935
-1.07	2.7800206509803713	1.31398631499632
-1.065	2.779784578934738	1.3079404871559652
-1.06	2.7795262588289877	1.3016869827972015
-1.055	2.779243824575795	1.2952263355385318
-1.05	2.7789352772930522	1.2885599044298532
-1.045	2.778598478141231	1.2816899021843813
-1.04	2.778231140984428	1.274619420354553
-1.035	2.7778308248909687	1.267352442208606
-1.03	2.777394926491806	1.2598938703806781
-1.025	2.776920672217351	1.2522495195140597
-1.02	2.776405110435889	1.2444261304995974
-1.015	2.7758451035193796	1.236431366618547
-1.01	2.775237319865077	1.2282737991054196
-1.005	2.7745782259041682	1.21996289980979
-1.0	2.77386407813144	1.2115090133400899
-0.995	2.7730909151927845	1.202923346578794
-0.99	2.7722545500702043	1.1942179191567683
-0.985	2.7713505624068357	1.1854055364588527
-0.98	2.7703742910173133	1.1764997448775891
-0.975	2.769320826631574	1.16751478336051
-0.97	2.768185004922923	1.1584655308274734
-0.965	2.7669613998737748	1.149367446951856
-0.96	2.765644317535021	1.1402365117799325
-0.955	2.7642277902372743	1.131089153412761
-0.95	2.7627055713144917	1.1219421860586
-0.945	2.7610711304023856	1.1128127228456897
-0.94	2.7593176493758373	1.103718107016529
-0.935	2.7574380189909897	1.0946758310161828
-0.93	2.7554248362988916	1.0857034479254286
-0.925	2.753270402898443	1.0768184891706591
-0.92	2.7509667240969264	1.0680383746407183
-0.915	2.7485055090465242	1.0593803304870615
-0.91	2.7458781719249807	1.0508612976336813
-0.905	2.7430758342278416	1.0424978431726888
-0.9	2.7400893282385512	1.0343060726146602
-0.895	2.736909201741032	1.0263015448075197
-0.89	2.7335257240371935	1.0184991834093198
-0.885	2.7299288933291432	1.0109131975632695
-0.88	2.726108445522647	1.0035570016342747
-0.875	2.722053864504558	0.9964431311681534
-0.87	2.71775439393975	0.989583175434544
-0.865	2.71319905064811	0.9829877054289494
-0.86	2.7083766395571507	0.976666205095153
-0.855	2.703275770321527	0.9706270146615112
-0.85	2.6978848755729365	0.9648772686165611
-0.845	2.6921922308848285	0.9594228533507344
-0.84	2.6861859763936184	0.9542683599019383
-0.835	2.6798541401274933	0.9494170389876045
-0.83	2.673184663016759	0.9448707762946111
-0.825	2.6661654255731464	0.9406300644287604
-0.82	2.6587842762126987	0.9366939844100465
-0.815	2.651029061186923	0.9330601941546297
-0.81	2.642887656076627	0.9297249235915072
-0.805	2.6343479987923257	0.9266829807320569
-0.8	2.6253981240143918	0.9239277474666624
-0.795	2.6160261989952174	0.9214512153917737
-0.79	2.606220560634777	0.9192439998315647
-0.785	2.5959697537299764	0.9172953693229061
-0.78	2.5852625702873704	0.9155932821494386
-0.775	2.574088089778093	0.9141244480915228
-0.77	2.5624357202034163	0.9128743497067081
-0.765	2.5502952398291527	0.911827321411357
-0.76	2.5376568394375854	0.9109666059564481
-0.755	2.5245111649358996	0.910274420986834
-0.75	2.510849360152156	0.9097320363571815
-0.745	2.496663109641172	0.9093198499308787
-0.74	2.481944681315808	0.9090174755885535
-0.735	2.4666869687126467	0.9088038252682921
-0.73	2.4508835326955154	0.9086572006830751
-0.725	2.434528642395808	0.9085553901248415
-0.72	2.4176173151850393	0.9084757652895337
-0.715	2.40014535547271	0.9083953755794651
-0.71	2.3821093921213454	0.9082910497797942
-0.705	2.363506914270565	0.908139509116928
-0.7	2.3443363053633193	0.9079174491918569
-0.695	2.3245968751699677	0.9076016576338989
-0.69	2.3042888896097606	0.9071691051843402
-0.685	2.2834135981744774	0.9065970634148942
-0.68	2.26197325876551	0.9058631824878087
-0.675	2.239971159763573	0.9049456018352875
-0.67	2.2174116391593763	0.9038230413974522
-0.665	2.1943001005841007	0.9024748938721877
-0.66	2.170643026090238	0.9008813111353982
-0.655	2.146447985546282	0.8990232919051394
-0.65	2.121723642522864	0.8968827595109469
-0.645	2.096479756563069	0.8944426346549826
-0.64	2.0707271817458457	0.8916869109222277
-0.635	2.0444778614684846	0.8886007190254152
-0.63	2.017744819392053	0.8851703829648141
-0.625	1.9905421465122546	0.8813834756110281
-0.62	1.9628849843373883	0.8772288669456862
-0.615	1.934789504174757	0.8726967629737046
-0.61	1.9062728825468938	0.8677787417360778
-0.605	1.8773532727792248	0.8624677814942222
-0.6	1.8480497728211032	0.856758280476435
-0.595	1.8183823893824267	0.8506460756625862
-0.59	1.788371998488134	0.8441284423033587
-0.585	1.7580403025726048	0.8372041063497893
-0.58	1.7274097842552685	0.829873232077381
-0.575	1.6965036569573881	0.8221374110198916
-0.57	1.6653458125378737	0.8139996463763348
-0.565	1.6339607661430493	0.8054643275448677
-0.56	1.6023735984812857	0.7965371990139185
-0.555	1.5706098957483559	0.7872253243188754
-0.55	1.538695687443036	0.7775370506762593
-0.545	1.5066573823248013	0.7674819538882991
-0.54	1.4745217027764026	0.7570707922504298
-0.535	1.4423156178435061	0.7463154491162742
-0.53	1.4100662752313933	0.7352288766020189
-0.525	1.3778009325449152	0.72382502400354
-0.52	1.3455468880623636	0.712118782727737
-0.515	1.3133314113367291	0.700125903639943
-0.51	1.2811816739187936	0.6878629331214211
-0.505	1.249124680495827	0.6753471355023859
-0.5	1.217187200737151	0.662596415818285
-0.495	1.1853957021336512	0.649629244055227
-0.49	1.1537762841124137	0.6364645774135557
-0.485	1.1223546137001297	0.623121776093726
-0.48	1.091155862999755	0.6096205303700906
-0.475	1.0602046487342716	0.5959807757881238
-0.47	1.0295249740992694	0.5822226223707814
-0.465	0.9991401731526365	0.5683662698372371
-0.46	0.9690728579549062	0.5544319385116533
-0.455	0.9393448686580029	0.5404397881906201
-0.45	0.9099772267232065	0.5264098524891399
-0.445	0.8809900914314295	0.5123619716722763
-0.44	0.8524027198303253	0.49831571696226773
-0.435	0.8242334302435871	0.4842903325526712
-0.43	0.7964995694481091	0.4703046754730121
-0.425	0.7692174836046555	0.4563771566793574
-0.42	0.7424024930074143	0.44252568781558227
-0.415	0.7160688706975049	0.4287676315620331
-0.41	0.6902298249651921	0.4151197555947239
-0.405	0.6648974857455253	0.40159818919259077
-0.4	0.6400828948923398	0.38821838746508314
-0.395	0.6157960002962667	0.37499509552179405
-0.39	0.5920456537936686	0.36194231837868207
-0.385	0.5688396127953979	0.34907329690649536
-0.38	0.5461845455470136	0.3364004845619341
-0.375	0.5240860399157709	0.3239355320911413
-0.37	0.5025486155843202	0.311689268863681
-0.365	0.4815757395167699	0.2996716994574571
-0.36	0.46116984454959703	0.2878920103297643
-0.355	0.4413323509479294	0.27635848665279295
-0.35	0.4220636907569997	0.2650786783439874
-0.345	0.4033633347691241	0.2540592389804084
-0.34	0.3852298219184355	0.24330601885823022
-0.335	0.3676607909087907	0.23282405678328758
-0.33	0.3506530138748007	0.22261759661486993
-0.325	0.33420243187179205	0.21269010253787402
-0.32	0.31830419198767734	0.20304427910330047
-0.315	0.3029526858681833	0.19368209244138654
-0.31	0.2881415894466055	0.18460479410956257
-0.305	0.2738639036702086	0.1758129471427611
-0.3	0.2601119960174998	0.16730645254491613
-0.295	0.2468776426038423	0.15908457857060346
-0.29	0.2341520706771506	0.1511459905301518
-0.285	0.2219260013106783	0.14348878237238583
-0.28	0.2101896921060934	0.13611050695563073
-0.275	0.19893297972704044	0.12900821077928673
-0.27	0.18814532209116472	0.12217846550620695
-0.265	0.1778158400570055	0.11561740167986032
-0.26	0.16793335845119461	0.10932074195392887
-0.255	0.15848644629092112	0.10328383450043761
-0.25	0.14946345606656203	0.09750168585603922
-0.245	0.14085256195965118	0.09196899377737856
-0.24	0.13264179688187358	0.08668017925127182
-0.235	0.12481908823145	0.08162941802351058
-0.23	0.11737229227404004	0.07681067128054596
-0.225	0.11028922706606079	0.07221771545709126
-0.22	0.10355770384901944	0.06784417116510967
-0.215	0.0971655568540246	0.06368353104899939
-0.21	0.09110067146601149	0.05972918614095794
-0.205	0.08535101070730754	0.05597445171147954
-0.2	0.07990464000997723	0.052412591193408097
-0.195	0.07474975025578268	0.049036839205883025
-0.19	0.0698746790716343	0.04584042306945713
-0.185	0.06526793037694821	0.04281658301568491
-0.18	0.06091819218742748	0.03995859101337178
-0.175	0.056814352687345825	0.03725976817870297
-0.17	0.05294551458945513	0.03471350082339074
-0.165	0.0493010078081279	0.032313255122301744
-0.16	0.045870400477275725	0.030052590384572184
-0.155	0.04264350834994508	0.027925170934905114
-0.15	0.03961040262128695	0.025924776776725472
-0.145	0.03676141622082286	0.024045312965863496
-0.14	0.03408714862360043	0.022280817433641492
-0.135	0.03157846923295383	0.020625468011871345
-0.13	0.029226519390178153	0.01907358799998027
-0.125	0.02702271306850701	0.017619650620318675
-0.12	0.02495873631037432	0.016258282483961918
-0.115	0.02302654546806877	0.014984265922493798
-0.11	0.02121836430857951	0.013792540412980222
-0.105	0.019526680043715362	0.012678202917996555
-0.1	0.017944238346487274	0.011636507594275005
-0.095	0.016464037414309157	0.010662864448014666
-0.09	0.015079321138828367	0.009752837256871875
-0.085	0.013783571441180057	0.0089021408807016
-0.08	0.0125704998302036	0.008106637796963467
-0.075	0.011434038239700899	0.007362334029554881
-0.07	0.010368329199189645	0.00666537463040259
-0.065	0.009367715390846321	0.006012038441131286
-0.06	0.008426728643476591	0.0053987325338809705
-0.055	0.007540078412429411	0.004821986269956506
-0.05	0.006702639792417472	0.004278444904079726
-0.045	0.005909441108252188	0.003764862853252376
-0.04	0.005155651126575634	0.003278096719565117
-0.035	0.004436565929802074	0.0028150981284919014
-0.03	0.003747595491695917	0.002372906299093248
-0.025	0.003084249992333237	0.0019486404474493093
-0.02	0.0024421259086437417	0.0015394921067636122
-0.015	0.0018168919153291549	0.0011427173897906437
-0.01	0.0012042746297196132	0.0007556291282494899
-0.005	0.0006000442330774009	0.0003755890588090335
0.0	0.0	0.0
0.005	0.0006000442330772923	0.0003737019028568279
0.01	0.0012042746297195042	0.0007480548678992978
0.015	0.00181689191532896	0.0011255790410225246
0.02	0.002442125908643511	0.0015087839227710972
0.025	0.0030842499923329713	0.0019001756218145853
0.03	0.0037475954916956103	0.0023022639085113353
0.035	0.004436565929801724	0.0027175690453314673
0.04	0.00515565112657553	0.003148628319401561
0.045	0.005909441108252084	0.003598002388291343
0.05	0.006702639792417369	0.004068281195344575
0.055	0.007540078412429334	0.0045620895698927156
0.06	0.008426728643476518	0.00508209258982144
0.065	0.00936771539084625	0.005631000336324845
0.07	0.01036832919918958	0.006211572325904659
0.075	0.011434038239700841	0.00682662157681592
0.08	0.012570499830203549	0.007479018084967352
0.085	0.01378357144118001	0.008171691878457522
0.09	0.01507932113882833	0.00890763506832577
0.095	0.01646403741430913	0.009689904396728375
0.1	0.017944238346487243	0.010521622129980722
0.105	0.019526680043715338	0.011405976849247754
0.11	0.021218364308579495	0.012346223506174113
0.115	0.023026545468068756	0.013345682792871431
0.12	0.024958736310374322	0.014407739981904618
0.125	0.02702271306850702	0.01553584272663091
0.13	0.029226519390178167	0.016733498468655954
0.135	0.03157846923295385	0.01800427092269341
0.14	0.034087148623600454	0.01935177588286302
0.145	0.03676141622082291	0.020779676216017163
0.15	0.03961040262128698	0.022291675873491037
0.155	0.04264350834994516	0.02389151363643037
0.16	0.0458704004772758	0.02558295550016521
0.165	0.04930100780812798	0.02736978650112082
0.17	0.05294551458945522	0.02925580179305188
0.175	0.05681435268734592	0.031244796787965608
0.18	0.0609181921874276	0.03334055668201589
0.185	0.06526793037694831	0.03554684505160934
0.19	0.06987467907163443	0.03786739174135501
0.195	0.07474975025578282	0.04030588007562111
0.2	0.07990464000997739	0.04286593344344895
0.205	0.08535101070730818	0.04555110099086359
0.21	0.09110067146601218	0.04836484293188151
0.215	0.09716555685402538	0.051310515179190795
0.22	0.10355770384901972	0.05439135336375905
0.225	0.1102892270660611	0.05761045659824813
0.23	0.11737229227404042	0.060970770773770805
0.235	0.12481908823145041	0.0644750712661464
0.24	0.13264179688187402	0.06812594574315023
0.245	0.14085256195965165	0.07192577658608938
0.25	0.14946345606656253	0.07587672319075005
0.255	0.1584864462909217	0.07998070447550454
0.26	0.16793335845119525	0.08423938090403618
0.265	0.17781584005700612	0.08865413759669563
0.27	0.18814532209116527	0.09322606696581039
0.275	0.19893297972704105	0.09795595149245394
0.28	0.21018969210609403	0.10284424820907655
0.285	0.2219260013106789	0.10789107271453013
0.29	0.23415207067715121	0.11309618366394664
0.295	0.24687764260384298	0.1184589692239902
0.3	0.26011199601750035	0.1239784335488293
0.305	0.2738639036702093	0.12965318422820615
0.31	0.28814158944660684	0.13548142134243382
0.315	0.3029526858681846	0.1414609277648288
0.32	0.3183041919876788	0.14758905999435906
0.325	0.3342024318717936	0.15386274125309557
0.33	0.35065301387480224	0.160278455994265
0.335	0.3676607909087923	0.16683224538699246
0.34	0.38522982191843713	0.17351970570088054
0.345	0.40336333476912584	0.1803359867730098
0.35	0.42206369075700156	0.18727579378026465
0.355	0.4413323509479313	0.19433339019910026
0.36	0.4611698445495988	0.20150260292145622
0.365	0.481575739516772	0.20877682902095798
0.37	0.5025486155843223	0.21614904524195347
0.375	0.5240860399157728	0.22361181856910156
0.38	0.5461845455470157	0.23115731950997856
0.385	0.5688396127954001	0.23877733717437497
0.39	0.5920456537936709	0.24646329645874593
0.395	0.6157960002962689	0.2542062770294726
0.4	0.6400828948992877	0.2619970343826058
0.405	0.6648974857523862	0.2698260228283946
0.41	0.6902298249719584	0.2776834203872146
0.415	0.7160688707041699	0.28555915486696626
0.42	0.7424024930139708	0.2934429329166713
0.425	0.7692174836110961	0.30132426808935814
0.43	0.7964995694544297	0.3091925158125928
0.435	0.8242334302497815	0.31703689982265426
0.44	0.8524027198363886	0.32484655167126847
0.445	0.8809900914373567	0.33261054283952585
0.45	0.9099772267289941	0.340317920710935
0.455	0.9393448686636472	0.3479577462558367
0.46	0.969072857960404	0.35551912851583795
0.465	0.9991401731579846	0.3629912664896176
0.47	1.0295249741044665	0.37036348235145566
0.475	1.060204648739315	0.37762526153146936
0.48	1.091155863004644	0.38476629086309133
0.485	1.1223546137048632	0.39177649626048666
0.49	1.1537762841169916	0.39864607798502477
0.495	1.185395702138075	0.4053655494629722
0.5	1.2171872007414177	0.4119257718870309
0.505	1.2491246804999372	0.4183179887277936
0.51	1.2811816739227495	0.42453386000341264
0.515	1.3133314113405326	0.4305654938078077
0.52	1.3455468880660157	0.43640547903006716
0.525	1.3778009325484177	0.44204691032491844
0.53	1.4100662752347493	0.4474834214854579
0.535	1.4423156178467171	0.4527092072497342
0.54	1.4745217027794721	0.4577190475338058
0.545	1.5066573823277318	0.46250832969387423
0.55	1.5386956874458309	0.4670730681840831
0.555	1.5706098957510182	0.4714099207919123
0.56	1.602373598483819	0.4755162038945575
0.565	1.6339607661454574	0.4793899049864289
0.57	1.6653458125401608	0.4830296925909054
0.575	1.6965036569595564	0.48643492417525436
0.58	1.7274097842573235	0.4896056509959212
0.585	1.7580403025745492	0.49254261970748486
0.59	1.788371998489973	0.49524727381286093
0.595	1.8183823893841637	0.4977217511589547
0.6	1.8480497728227427	0.4999688782477658
0.605	1.8773532727807716	0.5019921646360492
0.61	1.9062728825483515	0.5037957918586043
0.615	1.93478950417613	0.5053846025955478
0.62	1.9628849843386813	0.5067640859496936
0.625	1.9905421465134714	0.5079403648206985
0.63	2.0177448193931986	0.5089201725332947
0.635	2.0444778614695633	0.5097108384933499
0.64	2.0707271817468627	0.5103202627882357
0.645	2.0964797565640296	0.5107568963447257
0.65	2.121723642523772	0.5110297108233031
0.655	2.1464479855471437	0.5111481809644962
0.66	2.170643026091059	0.5111222486921277
0.665	2.1943001005848872	0.5109623002551462
0.67	2.217411639160135	0.5106791360209928
0.675	2.23997115976431	0.5102839385484408
0.68	2.261973258766317	0.5097882412021141
0.685	2.283413598175197	0.5092039007536364
0.69	2.3042888896104854	0.5085430594839138
0.695	2.324596875170708	0.5078181162257506
0.7	2.344336305364089	0.5070416940825978
0.705	2.3635069142713783	0.5062266040956159
0.71	2.382109392122218	0.5053858173599152
0.715	2.400145355473662	0.5045324286351262
0.72	2.417617315186093	0.5036796249270236
0.725	2.4345286423969883	0.5028406531418975
0.73	2.4508835326968526	0.5020287898545797
0.735	2.466686968714175	0.5012573069740961
0.74	2.481944681317569	0.5005394431811282
0.745	2.4966631096432113	0.4998883728166286
0.75	2.510849360154529	0.49931717640141754
0.755	2.5245111649386716	0.4988388116054653
0.76	2.53765683944083	0.4984660854775932
0.765	2.5502952398329555	0.49821162683197356
0.77	2.56243572020786	0.49808786054409804
0.775	2.574088089783305	0.4981069792270907
0.78	2.585262570293496	0.49828092267832014
0.785	2.5959697537371733	0.49862134848659034
0.79	2.606220560643227	0.4991396204468426
0.795	2.6160261990772264	0.4998467713903579
0.8	2.6253981240260087	0.5007534926201688
0.805	2.6343479988059255	0.5018701096340831
0.81	2.6428876560925283	0.5032065657631661
0.815	2.6510290612054943	0.5047724024535711
0.82	2.658784276234361	0.5065767429386995
0.825	2.66616542559838	0.5086282744243579
0.83	2.6731846630461136	0.510935236371796
0.835	2.6798541401615936	0.5135054027159903
0.84	2.6861859764331766	0.5163460691813313
0.845	2.6921922309306523	0.5194640440625995
0.85	2.69788487562594	0.522865633491852
0.855	2.703275770382745	0.5265566325673059
0.86	2.708376639630959	0.5305423155108809
0.865	2.7131990507324444	0.5348274277864254
0.87	2.717754394036091	0.539416177822223
0.875	2.7220538646118384	0.5443122289518909
0.88	2.726108445645594	0.549518700049876
0.885	2.729928893329155	0.5550381511485177
0.89	2.7335257240371953	0.56087258654122
0.895	2.736909201741022	0.5670234495070899
0.9	2.7400893282385264	0.5734916205087829
0.905	2.7430758342277994	0.5802774171793861
0.91	2.7458781719249195	0.5873805920560933
0.915	2.748505509046439	0.5948003351610943
0.92	2.750966724096813	0.602535275979027
0.925	2.7532704028982975	0.6105834842165166
0.93	2.75542483629871	0.6189424760667678
0.935	2.7574380189907672	0.6276092161321084
0.94	2.759317649375567	0.6365801248049776
0.945	2.7610711304020623	0.6458510834415598
0.95	2.762705571314492	0.655417442105002
0.955	2.764227790237275	0.6652740280877968
0.96	2.7656443175350205	0.6754151542962917
0.965	2.766961399873775	0.6858346311984863
0.97	2.7681850049229224	0.6965257738540673
0.975	2.7693208266315743	0.7074814166347487
0.98	2.7703742910173137	0.7186939261681371
0.985	2.7713505624068357	0.7301552123893374
0.99	2.7722545500702047	0.7418567442134641
0.995	2.773090915192785	0.7537895646863332
1.0	2.7738640781314405	0.76594430538444
1.005	2.7745782259041682	0.7783112032985222
1.01	2.7752373198650777	0.7908801198548995
1.015	2.7758451035193805	0.803640550051099
1.02	2.7764051104358893	0.8165816617164654
1.025	2.7769206722173516	0.8296922872902891
1.03	2.777394926491807	0.8429609634758791
1.035	2.7778308248909687	0.8563759409694578
1.04	2.7782311409844285	0.8699252090450018
1.045	2.7785984781412316	0.8835965156657403
1.05	2.778935277293053	0.8973773886595473
1.055	2.7792438245757958	0.9112551575973966
1.06	2.7795262588289877	0.9252169753790352
1.065	2.7797845789346005	0.9392498412837311
1.07	2.780020650980246	0.9533406209933982
1.075	2.780236215230936	0.9674760723400565
1.08	2.780432892900721	0.9816428667130901
1.085	2.780612192712402	0.9958276103320376
1.09	2.7807755172384927	1.01001686973856
1.095	2.780924169017278	1.0241971934117795
1.1	2.781059356439619	1.0383551327702667
1.105	2.7811821994036197	1.05247726778348
1.11	2.781293734735642	1.0665502282209536
1.115	2.781394921377637	1.0805607149616114
1.12	2.781486645341236	1.094495524817439
1.125	2.7815697244311584	1.1083415685300466
1.13	2.7816449127403855	1.1220858970860643
1.135	2.7817129049209677	1.1357157165757743
1.14	2.781774340234856	1.1492184172888238
1.145	2.781829806389821	1.162581585400366
1.15	2.7818798431660476	1.1757930275917428
1.155	2.7819249458394606	1.1888407903225475
1.16	2.781965568408196	1.2017131772539733
1.165	2.782002126628967	1.2143978189980396
1.17	2.782035000870274	1.2268864368770322
1.175	2.7820645387896064	1.2391653613920908
1.18	2.7820910578418956	1.2512250535326535
1.185	2.7821148476265276	1.2630553629906098
1.19	2.7821361720802633	1.2746464985978017
1.195	2.7821552715233606	1.285989038159862
1.2	2.782172364566162	1.2970739325290555
1.205	2.7821876498832796	1.3078925407861388
1.21	2.7822013078624033	1.3184366209180167
1.215	2.7822135021346	1.3286983474227987
1.22	2.7822243809927967	1.3386703239831255
1.225	2.7822340787049478	1.3483455820946224
1.23	2.7822427167281782	1.3577175965477717
1.235	2.782250404829974	1.3667802859078986
1.24	2.782257242122268	1.3755280212758045
1.245	2.7822633180140244	1.3839556311629249
1.25	2.7822687130876864	1.3920584006994543
1.255	2.7822734999046133	1.399832077963263
1.26	2.782277743744388	1.4072728701545583
1.265	2.782281503271851	1.4143774479421312
1.27	2.7822848312021726	1.4211429328678775
1.275	2.7822877747999866	1.4275669187237665
1.28	2.7822903764453537	1.4336474454110841
1.285	2.7822926740949616	1.4393829997111591
1.29	2.782294701713668	1.4447725168552972
1.295	2.7822964896674693	1.4498153701605456
1.3	2.782298065080924	1.4545113633629378
1.305	2.7822994521619036	1.4588607228397084
1.31	2.7823006724963233	1.4628640881291384
1.315	2.7823017453153582	1.4665225063907792
1.32	2.782302687737417	1.4698374132968866
1.325	2.782303514987079	1.4728106305895756
1.33	2.7823042405929197	1.4754443480452284
1.335	2.782304876566109	1.477741115962363
1.34	2.7823054335614694	1.4797038286848574
1.345	2.7823059210225716	1.4813357137456693
1.35	2.782306347312306	1.4826403149750482
1.355	2.782306719830272	1.4836214810700075
1.36	2.782307045118206	1.484283351564955
1.365	2.782307328954559	1.4846303415584217
1.37	2.782307576439285	1.484667121325477
1.375	2.7823077920697394	1.4843986148992676
1.38	2.782307979808575	1.4838299703654179
1.385	2.782308143144421	1.4829665614374696
1.39	2.7823082851460494	1.4818139562625163
1.395	2.7823084085106737	1.4803779127396108
1.4	2.7823085156069993	1.4786643637542602
1.405	2.782308608513524	1.4766794014747684
1.41	2.78230868905262	1.4744292669302905
1.415	2.782308758820788	1.4719203336784297
1.42	2.782308819215529	1.469159097145141
1.425	2.7823088714591635	1.4661521621145974
1.43	2.782308916619934	1.4629062315452588
1.435	2.782308955630679	1.4594280955276038
1.44	2.7823089893053528	1.4557246216069368
1.445	2.7823090183536134	1.4518027449475694
1.45	2.7823090433744264	1.4476694525795253
1.455	2.7823090649332025	1.4433317868209026
1.46	2.782309083494093	1.43879682973328
1.465	2.7823090994629993	1.4340716944878285
1.47	2.7823091132364777	1.4291635194569041
1.475	2.7823091250327914	1.4240794640797632
1.48	2.7823091351598905	1.4188267005495583
1.485	2.782309143848152	1.4134124081811419
1.49	2.7823091512970386	1.4078437689484686
1.495	2.7823091576791166	1.4021279633509647
1.5	2.782309163143651	1.3962721635881443
1.505	2.7823091678192684	1.3902835315624151
1.51	2.7823091718174644	1.3841692134145314
1.515	2.782309175234112	1.377936337550839
1.52	2.7823091781519222	1.3715920102587102
1.525	2.7823091806421356	1.365143311231381
1.53	2.782309182766065	1.3585972937277404
1.535	2.7823091845764467	1.3519609798530892
1.54	2.782309186118601	1.3452413482542254
1.545	2.782309187431453	1.338445349229918
1.55	2.7823091885484077	1.3315798854625018
1.555	2.782309189498114	1.3246518145060013
1.56	2.782309190305123	1.3176679493021903
1.565	2.782309190990464	1.3106350453175446
1.57	2.7823091915721303	1.3035598023568737
1.575	2.7823091920606933	1.2964488609479097
1.58	2.7823091924796435	1.2893087921442188
1.585	2.782309192834602	1.2821461004574117
1.59	2.7823091931351716	1.2749672131898464
1.595	2.7823091933895383	1.2677784777275036
1.6	2.7823091936046804	1.2605861573159722
1.605	2.7823091937865447	1.2533964217034776
1.61	2.7823091939401934	1.2462153440457695
1.615	2.7823091940699305	1.2390488943327225
1.62	2.7823091941794176	1.231902932081028
1.625	2.7823091942717655	1.224783198687368
1.63	2.7823091943496157	1.2176953219976123
1.635	2.7823091944152085	1.2106447895525407
1.64	2.7823091944704457	1.2036369623204655
1.645	2.782309194516937	1.1966770560447801
1.65	2.7823091945560487	1.1897701374127174
1.655	2.7823091945889336	1.1829211236263812
1.66	2.7823091946165714	1.176134767376795
1.665	2.782309194639786	1.1694156569752014
1.67	2.7823091946592773	1.1627682124586243
1.675	2.7823091946756326	1.1561966698517325
1.68	2.782309194689353	1.149705087496066
1.685	2.782309194700855	1.143297342284951
1.69	2.782309194710493	1.1369771162806337
1.695	2.7823091947185676	1.1307479030213583
1.7	2.7823091947253276	1.1246129980357364
1.705	2.782309194730985	1.118575501672827
1.71	2.7823091947357166	1.112638315141027
1.715	2.7823091947396734	1.1068041415047014
1.72	2.7823091947429814	1.101075482781859
1.725	2.782309194745744	1.0954546444019797
1.73	2.7823091947480525	1.0899437396071736
1.735	2.7823091947499785	1.0845446753555419
1.74	2.7823091947515866	1.0792591788593953
1.745	2.7823091947529273	1.0740887872299298
1.75	2.782309194754046	1.069034851767846
1.755	2.7823091947549785	1.0640985539265186
1.76	2.7823091947557543	1.0592808969722771
1.765	2.7823091947564023	1.054582724673016
1.77	2.78230919475694	1.0500047226362226
1.775	2.7823091947573886	1.0455490758676256
1.78	2.7823091947577616	1.041211254053824
1.785	2.7823091947580725	1.0369964552622661
1.79	2.78230919475833	1.0329031876522528
1.795	2.7823091947585454	1.0289314933793936
1.8	2.7823091947587235	1.0250813157353966
1.805	2.7823091947588714	1.0213525104310885
1.81	2.7823091947589944	1.0177448587090998
1.815	2.782309194759097	1.0142580776770742
1.82	2.7823091947591814	1.0108918258493709
1.825	2.782309194759253	1.0076457293934407
1.83	2.7823091947593106	1.0045193814403426
1.835	2.782309194759359	1.001512358778304
1.84	2.7823091947594	0.9986242295768707
1.845	2.7823091947594327	0.9958545748831932
1.85	2.7823091947594607	0.9932029845182738
1.855	2.782309194759483	0.9906690754703239
1.86	2.7823091947595024	0.9882525063581341
1.865	2.782309194759518	0.9859529773726486
1.87	2.782309194759531	0.9837702441641114
1.875	2.7823091947595424	0.9817041454439102
1.88	2.7823091947595513	0.9797545339852644
1.885	2.7823091947595575	0.9779213964271276
1.89	2.7823091947595637	0.9762047810569391
1.895	2.782309194759569	0.9746048268606216
1.9	2.782309194759573	0.9731217611666345
1.905	2.782309194759577	0.9717559076914625
1.91	2.7823091947595797	0.970507686290222
1.915	2.7823091947595824	0.9693776120159183
1.92	2.782309194759584	0.9683662831391374
1.925	2.7823091947595855	0.9674744399335382
1.93	2.7823091947595873	0.9667028677556454
1.935	2.7823091947595877	0.966052460808556
1.94	2.782309194759589	0.9655241940828223
1.945	2.78230919475959	0.9651191255125029
1.95	2.7823091947595904	0.964838411545142
1.955	2.7823091947595904	0.9646831912043577
1.96	2.782309194759591	0.9646547449872848
1.965	2.7823091947595913	0.9647543700387482
1.97	2.7823091947595913	0.9649834004527786
1.975	2.782309194759592	0.9653431946247627
1.98	2.782309194759592	0.9658351261819156
1.985	2.7823091947595926	0.9664605659769178
1.99	2.7823091947595926	0.9672208697627476
1.995	2.7823091947595926	0.9681173669091578
2.0	2.782309194759592	0.9691513410824607
2.005	2.7823091947595935	0.9703240183705943
2.01	2.782309194759594	0.9716365491387818
2.015	2.782309194759593	0.9730899906756086
2.02	2.7823091947595935	0.9746852941552573
2.025	2.7823091947595935	0.9764232871663203
2.03	2.782309194759593	0.9783046531588164
2.035	2.7823091947595935	0.9803299186692784
2.04	2.7823091947595935	0.9824994314613623
2.045	2.782309194759594	0.9848133498992031
2.05	2.7823091947595935	0.9872716267011754
2.055	2.7823091947595944	0.9898739863482923
2.06	2.7823091947595926	0.9926199140474277
2.065	2.782309194759594	0.9955086433363735
2.07	2.7823091947595944	0.9985391269119437
2.075	2.7823091947595944	1.0017100456363723
2.08	2.782309194759594	1.0050197783973889
2.085	2.7823091947595944	1.0084663950328072
2.09	2.7823091947596783	1.0120476448996696
2.095	2.7823091947595944	1.0157609460487462
2.1	2.782309194759594	1.0196033756297966
2.105	2.782309194759594	1.02357166239659
2.11	2.7823091947595935	1.0276621751991062
2.115	2.7823091947595935	1.0318709293519934
2.12	2.782309194759593	1.0361935641069198
2.125	2.7823091947595935	1.0406253524846136
2.13	2.782309194759597	1.0451611964725995
2.135	2.7823091947595966	1.049795624719181
2.14	2.782309194759595	1.0545227952711038
2.145	2.782309194759595	1.059336492664327
2.15	2.7823091947595935	1.0642301396971816
2.155	2.7823091947595935	1.069196798124345
2.16	2.782309194759594	1.0742291786663225
2.165	2.7823091947595944	1.0793196409367938
2.17	2.7823091947595935	1.084460214534392
2.175	2.7823091947595935	1.0896426090926188
2.18	2.7823091947595944	1.0948582175984973
2.185	2.782309194759594	1.1000981426595207
2.19	2.782309194759594	1.1053532043876977
2.195	2.7823091947595935	1.110613963960706
2.2	2.782309194759594	1.1158707371964272
2.205	2.782309194759594	1.121113617130013
2.21	2.7823091947595944	1.1263324998250985
2.215	2.7823091947595935	1.1315171005837057
2.22	2.782309194759594	1.136656982197746
2.225	2.7823091947595935	1.1417415806179023
2.23	2.782309194759594	1.1467602294605215
2.235	2.7823091947595935	1.1517021899668918
2.24	2.7823091947595944	1.1565566718589342
2.245	2.7823091947595944	1.1613128880078534
2.25	2.782309194759594	1.1659600490485744
2.255	2.7823091947595944	1.1704874167452763
2.26	2.7823091947595935	1.1748843321653066
2.265	2.7823091947595944	1.179140247739388
2.27	2.782309194759595	1.1832447517999407
2.275	2.782309194759596	1.1871876164612973
2.28	2.782309194759597	1.1909588164493794
2.285	2.782309194759594	1.1945485720186646
2.29	2.782309194759594	1.1979473781237573
2.295	2.7823091947595944	1.201146036117206
2.3	2.7823091947595944	1.2041356875758695
2.305	2.7823091947595944	1.20690784781664
2.31	2.782309194759595	1.2094544347732479
2.315	2.7823091947595944	1.2117678007855932
2.32	2.782309194759678	1.2138407653450016
2.325	2.7823091947595953	1.2156666388262936
2.33	2.7823091947595953	1.217239278886108
2.335	2.7823091947595957	1.2185530189434322
2.34	2.7823091947595953	1.2196028386411015
2.345	2.7823091947595953	1.2203842856540814
2.35	2.7823091947595957	1.2208935341457634
2.355	2.7823091947595966	1.2211273915967915
2.36	2.782309194759597	1.22108333211559
2.365	2.782309194759597	1.220759497227854
2.37	2.7823091947595975	1.220154677635486
2.375	2.7823091947595984	1.2192684893072872
2.38	2.7823091947595993	1.2181011369650196
2.385	2.7823091947595993	1.2166535666577563
2.39	2.782309194759601	1.2149275303513827
2.395	2.782309194759602	1.2129253780691032
2.4	2.7823091947596024	1.2106502666524968
2.405	2.7823091947596037	1.2081060769899212
2.41	2.7823091947596033	1.205297385460703
2.415	2.7823091947596055	1.2022294931240878
2.42	2.7823091947596064	1.1989083891606211
2.425	2.782309194759607	1.19534075949516
2.43	2.782309194759609	1.1915339576617774
2.435	2.7823091947596104	1.1874959892097698
2.44	2.782309194759612	1.1832354904677898
2.445	2.782309194759614	1.1787617037874327
2.45	2.7823091947596152	1.174084452226902
2.455	2.7823091947596166	1.1692141083637766
2.46	2.7823091947596184	1.164161564396667
2.465	2.78230919475962	1.1589382003693705
2.47	2.782309194759621	1.1535558432700936
2.475	2.782309194759623	1.1480267331372016
2.48	2.7823091947596237	1.1423634788263402
2.485	2.7823091947596237	1.1365790239526536
2.49	2.7823091947596237	1.130686597576282
2.495	2.7823091947596246	1.1246996715905442
2.5	2.782309194759623	1.1186319129952313
2.505	2.782309194759621	1.1124971407005146
2.51	2.7823091947596184	1.1063092719621417
2.515	2.782309194759614	1.1000822796687861
2.52	2.782309194759608	1.0938301397145003
2.525	2.782309194759601	1.0875667845741084
2.53	2.782309194759592	1.08130604752248
2.535	2.7823091947595806	1.0750616252293506
2.54	2.7823091947595664	1.0688470165208206
2.545	2.7823091947595495	1.062675482477947
2.55	2.78230919475953	1.05655999659927
2.555	2.782309194759507	1.0505131978779225
2.56	2.7823091947594794	1.0445473471671416
2.565	2.782309194759448	1.038674283290588
2.57	2.7823091947594114	1.0329053809377002
2.575	2.7823091947593697	1.0272515113577683
2.58	2.782309194759322	1.0217230025821584
2.585	2.7823091947595944	1.0163296087185665
2.59	2.7823091947595944	1.01108047054285
2.595	2.782309194759594	1.0059840888097389
2.6	2.782309194759594	1.0010482951259876
2.605	2.782309194759595	0.9962802255059476
2.61	2.7823091947595944	0.9916863012155854
2.615	2.782309194759594	0.9872722057563766
2.62	2.782309194759595	0.9830428711316668
2.625	2.7823091947595953	0.9790024646238626
2.63	2.7823091947595944	0.9751543775047348
2.635	2.782309194759595	0.9715012225922598
2.64	2.7823091947595935	0.9680448224131731
2.645	2.7823091947595944	0.9647862201579916
2.65	2.78230919475932	0.9617256745202977
2.655	2.7823091947593674	0.9588626705745886
2.66	2.7823091947594096	0.9561959257677898
2.665	2.782309194759446	0.953723409715982
2.67	2.782309194759478	0.9514423484208638
2.675	2.782309194759506	0.9493492562403165
2.68	2.782309194759529	0.9474399450922001
2.685	2.7823091947595495	0.9457095582570207
2.69	2.7823091947595655	0.9441525911598563
2.695	2.7823091947595797	0.9427629224625896
2.7	2.7823091947595917	0.9415338470545721
2.705	2.782309194759601	0.9404581069773026
2.71	2.78230919488357	0.9395279277680857
2.715	2.7823091948677807	0.9387350569540451
2.72	2.782309194853852	0.9380707993752221
2.725	2.782309194841586	0.937526061560589
2.73	2.7823091948308045	0.9370913899003294
2.735	2.782309194821346	0.9367570145151618
2.74	2.782309194813062	0.9365128886705026
2.745	2.782309194805819	0.9363487370820532
2.75	2.7823091947995	0.9362540963987952
2.755	2.782309194793992	0.9362183604626365
2.76	2.7823091947892022	0.9362308232162423
2.765	2.7823091947850425	0.9362807237789305
2.77	2.782309194781436	0.9363572850133676
2.775	2.782309194778314	0.9364497633176493
2.78	2.7823091947756167	0.9365474864777226
2.785	2.7823091947732883	0.9366398875110827
2.79	2.7823091947712815	0.9367165582560055
2.795	2.7823091947695557	0.9367672761604727
2.8	2.7823091947680734	0.9367820427689443
2.805	2.782309194766802	0.9367511282493104
2.81	2.7823091947657126	0.9366650909713613
2.815	2.7823091947647813	0.9365148174213578
2.82	2.782309194763986	0.9362915491698015
2.825	2.7823091947633083	0.935986911834599
2.83	2.78230919476273	0.935592941452051
2.835	2.782309194762239	0.9351021059266127
2.84	2.7823091947618224	0.9345073237767048
2.845	2.782309194761469	0.9338019900776362
2.85	2.782309194761169	0.9329799868762942
2.855	2.782309194760915	0.932035702600771
2.86	2.7823091947607015	0.9309640382527378
2.865	2.7823091947605207	0.929760421777317
2.87	2.782309194760369	0.9284208140138158
2.875	2.7823091947602405	0.9269417141679348
2.88	2.782309194760133	0.925320163067968
2.885	2.782309194760044	0.9235537414584011
2.89	2.7823091947599674	0.9216405727904156
2.895	2.7823091947599043	0.9195793203475284
2.9	2.782309194759852	0.9173691758328619
2.905	2.782309194759807	0.9150098606957998
2.91	2.7823091947598537	0.9125016101851895
2.915	2.7823091947597396	0.9098451654768556
2.92	2.7823091947597143	0.9070417623822996
2.925	2.782309194759693	0.9040931207085872
2.93	2.782309194759676	0.9010014217379718
2.935	2.7823091947596614	0.8977692981347324
2.94	2.7823091947596494	0.8943998187552187
2.945	2.782309194759639	0.8908964605156955
2.95	2.7823091947596343	0.8872630997757367
2.955	2.7823091947596263	0.8835039913351573
2.96	2.7823091947596197	0.8796237419511523
2.965	2.782309194759614	0.8756272960744769
2.97	2.7823091947596104	0.8715199115413351
2.975	2.7823091947596073	0.8673071394523102
2.98	2.7823091947596046	0.8629948038506955
2.985	2.7823091947596024	0.8585889795125224
2.99	2.782309194759601	0.8540959683231009
2.995	2.7823091947595993	0.8495222848106398
3.0	2.7823091947595984	0.8448746320682289
3.005	2.782309194759598	0.8401598799145041
3.01	2.782309194759596	0.8353850471408976
3.015	2.782309194759596	0.8305572845534261
3.02	2.782309194759595	0.8256838574074482
3.025	2.7823091947595953	0.8207721198893597
3.03	2.7823091947595944	0.8158295124400088
3.035	2.7823091947595944	0.8108635348906664
3.04	2.782309194759594	0.8058817363420392
3.045	2.7823091947595935	0.800891700261064
3.05	2.782309194759594	0.7959010329681281
3.055	2.7823091947595944	0.7909173503150502
3.06	2.7823091947595944	0.7859482688906336
3.065	2.7823091947595935	0.7810013914521802
3.07	2.7823091947595944	0.7760843045647917
3.075	2.782309194759594	0.7712045657297217
3.08	2.782309194759594	0.7663696964657071
3.085	2.782309194759594	0.7615871783588327
3.09	2.782309194759595	0.756864443749307
3.095	2.7823091947595957	0.7522088760172622
3.1	2.782309194759597	0.7476277972922712
3.105	2.782309194759594	0.7431284707847252
3.11	2.782309194759593	0.7387180964740142
3.115	2.782309194759593	0.7344038049995093
3.12	2.7823091947595935	0.7301926576791711
3.125	2.782309194759594	0.7260916422281344
3.13	2.7823091947595935	0.7221076705360183
3.135	2.7823091947595935	0.7182475762642166
3.14	2.782309194759677	0.7145181107631825
3.145	2.782309194759593	0.7109259440153208
3.15	2.782309194759594	0.7074776561513556
3.155	2.7823091947595935	0.7041797370722667
3.16	2.782309194759594	0.7010385803125357
3.165	2.782309194759594	0.698060480260643
3.17	2.782309194759594	0.695251626117339
3.175	2.7823091947595935	0.6926180960536905
3.18	2.7823091947595935	0.690165850829735
3.185	2.7823091947595935	0.6879007265188638
3.19	2.782309194759593	0.6858284245926615
3.195	2.782309194759594	0.6839545047606422
3.2	2.7823091947595935	0.6822843740576561
3.205	2.7823091947595935	0.6808232767165732
3.21	2.7823091947595935	0.6795762826612427
3.215	2.782309194759593	0.6785482746547306
3.22	2.782309194759594	0.6777439359387343
3.225	2.782309194759594	0.6771677354717424
3.23	2.782309194759594	0.6768239152370615
3.235	2.7823091947595935	0.6767164720513749
3.24	2.782309194759593	0.6768491480282083
3.245	2.782309194759593	0.6772254027668414
3.25	2.7823091947595926	0.677848412425697
3.255	2.7823091947595935	0.6787210421696466
3.26	2.782309194759593	0.6798458358939907
3.265	2.782309194759593	0.6812249930782689
3.27	2.7823091947595926	0.682860361368283
3.275	2.7823091947595926	0.6847534104606319
3.28	2.782309194759593	0.6869052263554798
3.285	2.7823091947595935	0.6893164906243117
3.29	2.7823091947595935	0.6919874678589323
3.295	2.7823091947595935	0.6949179921034887
3.3	2.7823091947595935	0.6981074552246103
3.305	2.7823091947595935	0.7015547962935181
3.31	2.7823091947595935	0.70525849094351
3.315	2.782309194759594	0.7092165423921629
3.32	2.782309194759594	0.7134264787350983
3.325	2.7823091947595935	0.7178853418623304
3.33	2.7823091947595944	0.722589689456582
3.335	2.782309194759595	0.727535590309283
3.34	2.7823091947595944	0.732718628887261
3.345	2.782309194759594	0.7381339021416924
3.35	2.7823091947595935	0.7437760290447251
3.355	2.782309194759594	0.7496391539222884
3.36	2.7823091947595944	0.7557169570404508
3.365	2.782309194759594	0.762002666384605
3.37	2.7823091947595944	0.7684890674853624
3.375	2.7823091947595944	0.7751685202818187
3.38	2.7823091947595944	0.7820329739431183
3.385	2.7823091947595935	0.7890739907832469
3.39	2.782309194759594	0.796282761186589
3.395	2.782309194759595	0.8036501274101204
3.4	2.782309194759595	0.8111666101433411
3.405	2.782309194759594	0.8188224292645955
3.41	2.782309194759595	0.8266075354763428
3.415	2.782309194759594	0.8345116873109921
3.42	2.7823091947595935	0.8425242626581949
3.425	2.782309194759594	0.8506345770907203
3.43	2.782309194759594	0.8588318800504493
3.435	2.7823091947595944	0.8671051445833408
3.44	2.782309194759594	0.8754433019377966
3.445	2.7823091947595944	0.8838352222379829
3.45	2.7823091947595944	0.8922697398538306
3.455	2.7823091947595944	0.900735693576332
3.46	2.7823091947595944	0.9092219446637883
3.465	2.782309194759595	0.9177174163923343
3.47	2.7823091947595944	0.9262111121411695
3.475	2.7823091947595944	0.9346921548279483
3.48	2.782309194759594	0.9431498014656405
3.485	2.782309194759594	0.9515734717517431
3.49	2.782309194759594	0.9599527734838839
3.495	2.782309194759594	0.9682775188140201
3.5	2.7823091947595944	0.976537746090487
3.505	2.782309194759594	0.9847237363617948
3.51	2.7823091947595944	0.9928260285603672
3.515	2.7823091947595944	1.0008354324321773
3.52	2.7823091947595944	1.0087430397554604
3.525	2.7823091947595944	1.0165402337338858
3.53	2.7823091947595944	1.0242186919814327
3.535	2.782309194759594	1.0317703956880577
3.54	2.7823091947595935	1.0391876301044207
3.545	2.782309194759594	1.0464629829601857
3.55	2.7823091947595935	1.0535893451040463
3.555	2.782309194759594	1.0605599054123631
3.56	2.7823091947595935	1.0673681461126598
3.565	2.7823091947595944	1.0740078321491844
3.57	2.7823091947595935	1.0804730063701558
3.575	2.7823091947595935	1.0867579788346025
3.58	2.782309194759593	1.092857312935415
3.585	2.782309194759593	1.0987658149409776
3.59	2.782309194759593	1.1044785194398974
3.595	2.7823091947595935	1.1099906721731292
3.6	2.7823091947595926	1.1152977214547193
3.605	2.7823091947595935	1.1203952988968502
3.61	2.7823091947595935	1.1252792017272104
3.615	2.7823091947595935	1.1299453803019772
3.62	2.7823091947595926	1.134389930367042
3.625	2.7823091947595935	1.138609063266235
3.63	2.782309194759593	1.142599104987727
3.635	2.782309194759593	1.1463564747797945
3.64	2.782309194759593	1.1498776530301118
3.645	2.7823091947595935	1.1531592667213042
3.65	2.7823091947595935	1.1561979294307958
3.655	2.782309194759594	1.1589903357097737
3.66	2.7823091947595935	1.1615332235694076
3.665	2.7823091947595935	1.1638234006595098
3.67	2.782309194759594	1.1658576489796253
3.675	2.7823091947595926	1.167632845865556
3.68	2.7823091947595935	1.1691458828788595
3.685	2.7823091947595935	1.1703936904975734
3.69	2.7823091947595935	1.1713732385339757
3.695	2.7823091947595926	1.1720815424384228
3.7	2.782309194759594	1.1725156613617547
3.705	2.782309194759592	1.1726727382755673
3.71	2.7823091947595935	1.1725499625368672
3.715	2.782309194759594	1.1721446159461635
3.72	2.7823091947595935	1.1714540723620301
3.725	2.782309194759593	1.1704758184079094
3.73	2.782309194759677	1.1692074618623356
3.735	2.7823091947595926	1.1676467581901147
3.74	2.7823091947595926	1.1657916192353202
3.745	2.7823091947595926	1.1636401395619091
3.75	2.782309194759592	1.161190606971416
3.755	2.7823091947595917	1.1584415296027963
3.76	2.7823091947595926	1.155391651903414
3.765	2.7823091947595917	1.1520399765498488
3.77	2.7823091947573286	1.1483857833762623
3.775	2.782309194759593	1.1444286521310643
3.78	2.782309194759591	1.1401684732015092
3.785	2.782309194759589	1.1356054769677177
3.79	2.7823091947595877	1.1307402481129658
3.795	2.782309194759586	1.125573740941589
3.8	2.782309194759584	1.120107298007082
3.805	2.782309194759582	1.1143426608917242
3.81	2.782309194759579	1.108281990213802
3.815	2.782309194759575	1.1019278749660222
3.82	2.7823091947595704	1.0952833425390491
3.825	2.782309194759564	1.08835186429161
3.83	2.7823091947595575	1.0811373737418541
3.835	2.7823091947595477	1.0736442612782275
3.84	2.782309194759536	1.0658773809263362
3.845	2.782309194759523	1.0578420627174514
3.85	2.7823091947595042	1.049544099124625
3.855	2.7823091947594825	1.040989749603516
3.86	2.782309194759454	1.0321857364419365
3.865	2.7823091947594207	1.0231392408118622
3.87	2.782309194759378	1.013857895746862
3.875	2.7823091947593275	1.0043497770281309
3.88	2.7823091947592626	0.9946233907064469
3.885	2.7823091947591845	0.9846876658631304
3.89	2.782309194759087	0.9745519365651191
3.895	2.782309194758967	0.9642259328709564
3.9	2.7823091947588194	0.9537197579835655
3.905	2.7823091947586387	0.9430438764605418
3.91	2.7823091947584175	0.9322090899272322
3.915	2.782309194758146	0.9212265276934338
3.92	2.782309194757814	0.9101076050844356
3.925	2.782309194757402	0.8988640453999206
3.93	2.7823091947569023	0.8875078047641067
3.935	2.782309194756293	0.8760510827256778
3.94	2.782309194755549	0.8645062938758763
3.945	2.7823091947546423	0.8528860407088117
3.95	2.7823091947535397	0.841203093778392
3.955	2.7823091947521976	0.8294703659041319
3.96	2.7823091947506495	0.8177008940217357
3.965	2.782309194748588	0.805907810498949
3.97	2.782309194746188	0.7941043194229612
3.975	2.7823091947432825	0.7823036807921077
3.98	2.7823091947397667	0.7705191800955123
3.985	2.7823091947355167	0.758764111858271
3.99	2.782309194730387	0.747051755711768
3.995	2.7823091947241996	0.7353953564207755
4.0	2.7823091947167438	0.7238081359056535
4.005	2.782309194707771	0.7123031442639746
4.01	2.782309194696982	0.7008934300528218
4.015	2.7823091946840246	0.689591900767648
4.02	2.7823091946684793	0.6784113293718187
4.025	2.7823091946498493	0.6673642949710914
4.03	2.782309194627543	0.6564633506201775
4.035	2.782309194600869	0.645720730677737
4.04	2.7823091945690033	0.635148521333091
4.045	2.782309194530976	0.6247585946717708
4.05	2.7823091944856464	0.6145625978311483
4.055	2.7823091944316696	0.6045718988980902
4.06	2.7823091943674667	0.5947977800243162
4.065	2.782309194291184	0.585251011796552
4.07	2.782309194200648	0.5759422521265947
4.075	2.7823091940933136	0.5668818327135983
4.08	2.782309193966205	0.5580797850851594
4.085	2.7823091938158453	0.5495458324316872
4.09	2.7823091936381816	0.5412893770554075
4.095	2.7823091934284885	0.5333194930891202
4.1	2.7823091931812716	0.5256449148296037
4.105	2.7823091928901453	0.518274028270609
4.11	2.7823091925477006	0.5112148615094627
4.115	2.782309192145349	0.5044750757727003
4.12	2.7823091916731535	0.49806195768414063
4.125	2.7823091911196283	0.49198241008198396
4.13	2.7823091904715187	0.48624294486118663
4.135	2.782309189713546	0.4808496720848411
4.14	2.7823091888281244	0.47580829753130854
4.145	2.7823091877950463	0.4711241105311587
4.15	2.782309186591117	0.4668019793257279
4.155	2.7823091851897566	0.46284634378190154
4.16	2.7823091948829313	0.45926120850604635
4.165	2.7823091947596006	0.45605013716229487
4.17	2.782309194759592	0.45321624574414787
4.175	2.78230919475958	0.4507621984980924
4.18	2.7823091947595664	0.4486902024626254
4.185	2.78230919475955	0.44700200276783286
4.19	2.78230919475953	0.445698879599245
4.195	2.7823091947595064	0.4447816437432315
4.2	2.782309194759479	0.44425063493000516
4.205	2.782309194759447	0.4441057193473276
4.21	2.78230919475941	0.4443462890690666
4.215	2.7823091947593688	0.4449712601135047
4.22	2.7823091947593226	0.44597907501927925
4.225	2.7823091947595935	0.447367702630985
4.23	2.782309194759594	0.4491346406553561
4.235	2.7823091947595944	0.45127691654263474
4.24	2.782309194759595	0.45379110109268966
4.245	2.7823091947595944	0.45667329914194443
4.25	2.7823091947595944	0.459919166247544
4.255	2.782309194759594	0.46352391271072374
4.26	2.7823091947595944	0.4674823128039142
4.265	2.782309194759594	0.4717887139220097
4.27	2.7823091947595944	0.4764370481161413
4.275	2.7823091947595935	0.4814208439861085
4.28	2.7823091947595944	0.48673323785478523
4.285	2.7823091947595944	0.4923669929167911
4.29	2.7823091947593213	0.4983145089368813
4.295	2.782309194759368	0.5045678433039824
4.3	2.782309194759409	0.5111187257682898
4.305	2.782309194759446	0.5179585798516584
4.31	2.7823091947594785	0.5250785401297072
4.315	2.7823091947595056	0.532469475897809
4.32	2.7823091947595295	0.5401220101870073
4.325	2.782309194759549	0.5480265449045705
4.33	2.7823091947595664	0.5561732825456308
4.335	2.7823091947595797	0.564552250080301
4.34	2.7823091947595917	0.5731533254142772
4.345	2.782309194759601	0.5819662636165548
4.35	2.7823091947596086	0.5909807175690391
4.355	2.782309194759614	0.6001862720583961
4.36	2.782309194759618	0.6095724631907299
4.365	2.7823091947596206	0.6191288092156393
4.37	2.7823091947596232	0.6288448381017323
4.375	2.782309194759624	0.6387101109683399
4.38	2.782309194759625	0.648714250696068
4.385	2.7823091947596237	0.6588469686689784
4.39	2.7823091947596237	0.6690980899955682
4.395	2.782309194759623	0.6794575814696685
4.4	2.7823091947596224	0.6899155671713553
4.405	2.7823091947596206	0.7004623679073887
4.41	2.7823091947596197	0.7110885126104017
4.415	2.7823091947596175	0.7217847654156616
4.42	2.782309194759615	0.7325421464271251
4.425	2.7823091947596135	0.7433519509986266
4.43	2.782309194759612	0.7542057708761537
4.435	2.7823091947596104	0.765095505621064
4.44	2.782309194759609	0.7760133878280091
4.445	2.7823091947596077	0.7869519903561293
4.45	2.7823091947596064	0.797904243668577
4.455	2.7823091947596055	0.808863443832034
4.46	2.7823091947596046	0.8198232609475372
4.465	2.782309194759603	0.830777752984681
4.47	2.7823091947596015	0.8417213654664036
4.475	2.7823091947596015	0.852648933991402
4.48	2.7823091947596	0.8635556971342182
4.485	2.7823091947595993	0.8744372804135748
4.49	2.782309194759599	0.885289705218433
4.495	2.782309194759599	0.8961093828055009
4.5	2.782309194759598	0.9068930650364357
4.505	2.7823091947595975	0.9176380441953004
4.51	2.782309194759597	0.9283417291666941
4.515	2.782309194759596	0.939002048145787
4.52	2.7823091947595953	0.949617227686031
4.525	2.782309194759596	0.9601858201482771
4.53	2.7823091947595953	0.9707066825288809
4.535	2.782309194759595	0.9811789674049956
4.54	2.782309194759595	0.9916020895861651
4.545	2.7823091947595953	1.001975716666553
4.55	2.7823091947596783	1.012299739603654
4.555	2.782309194759595	1.0225742532520352
4.56	2.7823091947595944	1.0327995271813593
4.565	2.782309194759595	1.0429759843894593
4.57	2.7823091947595935	1.0531041724208938
4.575	2.7823091947595935	1.063184735378804
4.58	2.782309194759594	1.0732183891238916
4.585	2.782309194759594	1.0832058927552455
4.59	2.7823091947595975	1.0931480201292598
4.595	2.782309194759596	1.1030455326652002
4.6	2.782309194759595	1.112899147001916
4.605	2.7823091947595944	1.1227095170594787
4.61	2.782309194759593	1.13247720231479
4.615	2.782309194759593	1.1422027274060862
4.62	2.782309194759593	1.15188610593391
4.625	2.782309194759594	1.16152773601587
4.63	2.7823091947595935	1.1711274485531782
4.635	2.7823091947595935	1.1806849536932815
4.64	2.7823091947595935	1.190199724027688
4.645	2.782309194759593	1.1996709793521416
4.65	2.782309194759594	1.2090976621880434
4.655	2.7823091947595935	1.2184784286005317
4.66	2.782309194759593	1.2278116357237898
4.665	2.782309194759593	1.2370953222318275
4.67	2.782309194759594	1.246327205589513
4.675	2.782309194759593	1.2555046722025982
4.68	2.7823091947595935	1.2646247735950458
4.685	2.782309194759593	1.2736842227498277
4.69	2.782309194759593	1.2826793896628848
4.695	2.7823091947595935	1.2916063093632408
4.7	2.7823091947595935	1.3004606829008285
4.705	2.782309194759593	1.3092378836268874
4.71	2.7823091947595926	1.3179329637676596
4.715	2.782309194759593	1.3265406690733013
4.72	2.7823091947595926	1.3350554511075978
4.725	2.7823091947595926	1.3434714800644754
4.73	2.782309194759594	1.3517826661361054
4.735	2.7823091947595957	1.3599826751804636
4.74	2.7823091947595966	1.3680649530487696
4.745	2.7823091947595926	1.3760227465583934
4.75	2.782309194759593	1.3838491334558907
4.755	2.782309194759593	1.3915370351908474
4.76	2.7823091947595926	1.3990792671150705
4.765	2.7823091947595935	1.4064685444110436
4.77	2.7823091947595935	1.4136975285021545
4.775	2.782309194759593	1.4207588546111285
4.78	2.782309194759677	1.4276451591088613
4.785	2.782309194759593	1.4343491157918777
4.79	2.7823091947595935	1.4408634677830907
4.795	2.782309194759594	1.4471810612485125
4.8	2.7823091947595935	1.4532948793638631
4.805	2.7823091947595935	1.4591980735083665
4.81	2.7823091947595935	1.4648839963657831
4.815	2.782309194759594	1.470346235399887
4.82	2.782309194759593	1.4755786415339636
4.825	2.7823091947595926	1.4805753660015442
4.83	2.7823091947595935	1.485330872139375
4.835	2.782309194759594	1.4898399882096072
4.84	2.7823091947595935	1.4940979119123794
4.845	2.7823091947595935	1.498100251569133
4.85	2.7823091947595935	1.5018430366808317
4.855	2.782309194759593	1.5053227443745403
4.86	2.782309194759594	1.5085363204864728
4.865	2.7823091947595935	1.511481187001503
4.87	2.782309194759594	1.5141552670492955
4.875	2.782309194759593	1.5165569935286616
4.88	2.782309194759593	1.5186853155648312
4.885	2.782309194759593	1.5205397073752043
4.89	2.782309194759593	1.5221201750934628
4.895	2.782309194759593	1.5234272518003136
4.9	2.782309194759593	1.5244619881003696
4.905	2.782309194759594	1.5252260147869614
4.91	2.7823091947595926	1.5257214254218194
4.915	2.782309194759593	1.5259508548309522
4.92	2.7823091947595935	1.525917432334397
4.925	2.782309194759593	1.5256247791073925
4.93	2.782309194759593	1.525076987220923
4.935	2.782309194759594	1.5242786072916494
4.94	2.782309194759594	1.5232346237609005
4.945	2.782309194759594	1.521950435336097
4.95	2.7823091947595944	1.5204318288443377
4.955	2.782309194759594	1.5186849574855354
4.96	2.7823091947595944	1.5167163133250663
4.965	2.7823091947595944	1.5145326948797662
4.97	2.782309194759594	1.5121411820954926
4.975	2.7823091947595944	1.5095491077705776
4.98	2.7823091947595944	1.506764014593567
4.985	2.7823091947595944	1.5037936424520757
4.99	2.7823091947595944	1.5006458809215817
4.995	2.782309194759595	1.4973287402716757
5.0	2.7823091947595944	1.493850326676446
