V, MHC_k, MHC_DOS_k
-5.0	8.000883810680586	6.802641580719493
-4.995	8.00088381068059	6.939077739437613
-4.99	8.000883810680588	7.077930716463951
-4.985	8.000883810680588	7.219184636813721
-4.98	8.000883810680588	7.362822537445323
-4.975	8.000883810680588	7.508826246102756
-4.97	8.000883810680588	7.657176462373743
-4.965	8.00088381068058	7.807852657975587
-4.96	8.000883810680588	7.960832974425557
-4.955	8.000883810680588	8.116094319183125
-4.95	8.000883810680588	8.273612199922402
-4.945	8.00088381068059	8.43336080627751
-4.94	8.000883810680588	8.59531290683435
-4.935	8.000883810680588	8.759439522081738
-4.93	8.00088381068059	8.925711407473436
-4.925	8.00088381068059	9.094096051632095
-4.92	8.00088381068059	9.264560617721864
-4.915	8.00088381068059	9.437070434997356
-4.91	8.000883810680588	9.61158929921394
-4.905	8.00088381068059	9.788079408990107
-4.9	8.000883810680591	9.966501392430287
-4.895	8.000883810680591	10.146814315281913
-4.89	8.000883810680591	10.328976430327867
-4.885	8.000883810680591	10.512942040503678
-4.88	8.000883810680591	10.69866607517435
-4.875	8.000883810680591	10.88610116381609
-4.87	8.000883810680593	11.075198316283181
-4.865	8.000883810680584	11.265906954569957
-4.86	8.000883810680593	11.458174855444698
-4.855	8.000883810680593	11.651948267714548
-4.85	8.000883810680593	11.84717184391854
-4.845	8.000883810680593	12.043788703847655
-4.84	8.000883810680593	12.241740384727915
-4.835	8.000883810680593	12.44096695144077
-4.83	8.000883810680591	12.641406973370806
-4.825	8.000883810680593	12.842997496183694
-4.82	8.000883810680591	13.045674214596264
-4.815	8.000883810680593	13.249371357371976
-4.81	8.000883810680593	13.454021779695669
-4.805	8.000883810680591	13.659557001206935
-4.8	8.000883810680591	13.86590723978478
-4.795	8.000883810680582	14.07300141799918
-4.79	8.000883810680591	14.28076722319687
-4.785	8.000883810680593	14.489131179064596
-4.78	8.000883810680593	14.698018581653221
-4.775	8.000883810680591	14.907353809668916
-4.77	8.000883810680591	15.117059975123151
-4.765	8.000883810680591	15.327059237231104
-4.76	8.000883810680591	15.537272795468661
-4.755	8.000883810680591	15.747620907674339
-4.75	8.00088381068059	15.958022950759602
-4.745	8.00088381068059	16.168397488726804
-4.74	8.00088381068059	16.378662277098858
-4.735	8.00088381068059	16.588734359011724
-4.73	8.000883810680588	16.79853008442166
-4.725	8.000883810680588	17.00796517753575
-4.72	8.000883810680588	17.21695474372055
-4.715	8.00088381068059	17.425413396798707
-4.71	8.00088381068059	17.633255278955232
-4.705	8.000883810680586	17.840394010699143
-4.7	8.000883810680588	18.046742924294858
-4.695	8.000883810680582	18.252214980908143
-4.69	8.000883810680588	18.456722885166887
-4.685	8.000883810680588	18.66017909066023
-4.68	8.000883810680586	18.862495881132332
-4.675	8.000883810680588	19.063585435881105
-4.67	8.000883810680588	19.263359824692845
-4.665	8.000883810680588	19.461731147805743
-4.66	8.000883810680588	19.658611497032002
-4.655	8.000883810680586	19.853913083661958
-4.65	8.000883810680588	20.047548254999324
-4.645	8.000883810680586	20.23942954369589
-4.64	8.000883810680586	20.42946975757147
-4.635	8.000883810680586	20.61758204951162
-4.63	8.000883810680584	20.803679795036167
-4.625	8.000883810680582	20.987676980975703
-4.62	8.000883810680582	21.169487946660578
-4.615	8.00088381068058	21.349027919601625
-4.61	8.00088381068058	21.526211847800326
-4.605	8.000883810680577	21.700956262885608
-4.6	8.000883810680575	21.873178120099737
-4.595	8.000883810680572	22.042795153509743
-4.59	8.000883810680572	22.209725983134458
-4.585	8.000883810680566	22.373890154901694
-4.58	8.000883810680564	22.535208261255708
-4.575	8.00088381068056	22.693601881078123
-4.57	8.000883810680557	22.84899382349124
-4.565	8.000883810680556	23.001308034460976
-4.56	8.000883810680552	23.150470001587447
-4.555	8.000883810680543	23.296406332317247
-4.55	8.000883810680548	23.439045240672446
-4.545	8.00088381068055	23.578316401446827
-4.54	8.000883810680588	23.714149576628234
-4.535	8.000883810680588	23.84648106816812
-4.53	8.000883810680588	23.975245793812505
-4.525	8.00088381068059	24.100377266782125
-4.52	8.000883810680588	24.22181585988141
-4.515	8.00088381068059	24.339502432255937
-4.51	8.000883810680588	24.453380015354107
-4.505	8.00088381068059	24.563393867875643
-4.5	8.00088381068059	24.669491648738582
-4.495	8.000883810680591	24.771623468221065
-4.49	8.000883810680591	24.869741990807142
-4.485	8.00088381068059	24.963802535571354
-4.48	8.000883810680591	25.053763176443056
-4.475	8.000883810680591	25.1395848445807
-4.47	8.000883810680591	25.221231391194344
-4.465	8.000883810680591	25.298669732184628
-4.46	8.000883810680591	25.371869927226058
-4.455	8.000883810680579	25.440805318560148
-4.45	8.000883810680593	25.505452496046942
-4.445	8.000883810680591	25.565791505176055
-4.44	8.000883810680591	25.621805953245
-4.435	8.000883810680591	25.673483013278673
-4.43	8.000883810680591	25.72081354028473
-4.425	8.00088381068059	25.7637922090742
-4.42	8.000883810680593	25.8024174562534
-4.415	8.000883810680593	25.836691793050356
-4.41	8.000883810680591	25.866621588171306
-4.405	8.000883810680591	25.89221734597338
-4.4	8.000883810680591	25.913493723546516
-4.395	8.000883810680591	25.930469556423446
-4.39	8.000883810680591	25.943167924982127
-4.385	8.00088381068058	25.95161618269611
-4.38	8.000883810680591	25.955846032885614
-4.375	8.000883810680591	25.955893584741187
-4.37	8.00088381068059	25.951799237091322
-4.365	8.00088381068059	25.9436079214651
-4.36	8.000883810680591	25.931368954509008
-4.355	8.00088381068059	25.915136048506092
-4.35	8.000883810680588	25.89496736132734
-4.345	8.00088381068059	25.870925485481948
-4.34	8.000883810680588	25.8430774147843
-4.335	8.000883810680588	25.81149444646014
-4.33	8.00088381068059	25.776252315198708
-4.325	8.000883810680588	25.737430978591917
-4.32	8.000883810680588	25.695114574599767
-4.315	8.000883810680588	25.649391517606
-4.31	8.000883810680586	25.600354218486732
-4.305	8.000883810680586	25.54809912111137
-4.3	8.000883810680588	25.492726571827927
-4.295	8.000883810680548	25.434340733659997
-4.29	8.00088381068055	25.373049428157753
-4.285	8.000883810680543	25.3089640801801
-4.28	8.00088381068055	25.242199579796342
-4.275	8.000883810680556	25.172874054561618
-4.27	8.000883810680559	25.101108747906004
-4.265	8.00088381068056	25.027028173247487
-4.26	8.000883810680566	24.950759374520437
-4.255	8.00088381068057	24.87243222421159
-4.25	8.000883810680572	24.79217897638308
-4.245	8.000883665891328	24.71013430142125
-4.24	8.000883810732969	24.626434917936734
-4.235	8.000883722853843	24.541285330481987
-4.23	8.000883742516637	24.454628248522795
-4.225	8.000883757899949	24.366803234175993
-4.22	8.000883769906066	24.277887554237047
-4.215	8.00088377925381	24.18802551014331
-4.21	8.000883786514306	24.097362233896966
-4.205	8.000883792140108	24.006043539106837
-4.2	8.000883796488857	23.914215677827666
-4.195	8.000883799842441	23.822025119294054
-4.19	8.000883802422454	23.729618325921074
-4.185	8.000883804402635	23.637141565215252
-4.18	8.000883805918857	23.544740741861062
-4.175	8.00088380707709	23.452561008095447
-4.17	8.000883807959777	23.360746783803357
-4.165	8.000883808630897	23.269441342543214
-4.16	8.000883809139967	23.178786779460594
-4.155	8.000883809525215	23.08892370610007
-4.15	8.00088380981608	22.999991126380834
-4.145	8.000883810035175	22.912126195228648
-4.14	8.000883810199825	22.825464139276047
-4.135	8.000883810323277	22.740137964345696
-4.13	8.000883810415623	22.65627841460185
-4.125	8.000883810484542	22.57401370556057
-4.12	8.000883810535859	22.493469522522723
-4.115	8.000883810573983	22.41476879242637
-4.11	8.000883810602238	22.33803155290524
-4.105	8.000883810623133	22.263374905394414
-4.1	8.000883810638548	22.19091290757387
-4.095	8.000883810649897	22.12075630249643
-4.09	8.000883810658232	22.05301303340174
-4.085	8.00088381066434	21.987787322190826
-4.08	8.000883810668805	21.925180191442237
-4.075	8.000883810672063	21.865289247945892
-4.07	8.000883810674432	21.808208747339755
-4.065	8.000883810676154	21.75402944909575
-4.06	8.0008838106774	21.702838674812508
-4.055	8.000883810678303	21.654720298903758
-4.05	8.000883810678951	21.60975477771902
-4.045	8.000883810679419	21.568019125928963
-4.04	8.000883810679756	21.529587017619207
-4.035	8.000883810679996	21.494528767977368
-4.03	8.00088381068017	21.462911407136293
-4.025	8.00088381068029	21.434798746393927
-4.02	8.000883810680378	21.410251332713273
-4.015	8.00088381068044	21.38932691126879
-4.01	8.000883810680486	21.372080090317986
-4.005	8.000883810680516	21.358556851922195
-4.0	8.00088381068054	21.348816660605408
-3.995	8.000883810680554	21.342900676050313
-3.99	8.000883810680566	21.34085245116995
-3.985	8.000883810680575	21.34271308980448
-3.98	8.00088381068058	21.348521272958152
-3.975	8.000883810680586	21.358313421745155
-3.97	8.000883810680588	21.372123889072753
-3.965	8.000883810680593	21.389984959276777
-3.96	8.000883810680596	21.411927019785402
-3.955	8.000883810680602	21.43797868154891
-3.95	8.000883810680607	21.46816681566326
-3.945	8.000883810680614	21.502516983538793
-3.94	8.000883810680625	21.541053127061403
-3.935	8.000883810680634	21.58382024766569
-3.93	8.00088381068065	21.630797240613795
-3.925	8.000883810680671	21.68199864439893
-3.92	8.000883810680698	21.7374944959494
-3.915	8.000883810680731	21.797279038393555
-3.91	8.000883810680776	21.86137017590689
-3.905	8.000883810680833	21.929785075186004
-3.9	8.000883810680905	22.002540344509637
-3.895	8.000883810680996	22.079652122954712
-3.89	8.000883810681117	22.161136030026526
-3.885	8.000883810681266	22.24700742963946
-3.88	8.000883810681454	22.337281449822903
-3.875	8.000883810681696	22.43197294814804
-3.87	8.000883810682001	22.531096799730385
-3.865	8.000883810682378	22.6346671596622
-3.86	8.000883810682847	22.742698833053552
-3.855	8.000883810683433	22.85520629139629
-3.85	8.000883810684154	22.972204084109492
-3.845	8.000883810685043	23.09370675883398
-3.84	8.000883810686132	23.219728924172657
-3.835	8.000883810687458	23.35028519786177
-3.83	8.000883810689064	23.485390308157022
-3.825	8.000883810691004	23.62505914419758
-3.82	8.000883810693331	23.769306525892762
-3.815	8.000883810696104	23.918147426356143
-3.81	8.000883810699396	24.071596847083423
-3.805	8.000883810703275	24.229669761284
-3.8	8.000883810707814	24.39238123192075
-3.795	8.000883810713086	24.559746249619966
-3.79	8.000883810719163	24.731779781848232
-3.785	8.000883810726108	24.908496692487375
-3.78	8.000883810733969	25.089911741306352
-3.775	8.000883810742765	25.276039450335727
-3.77	8.000883810680575	25.466894187221765
-3.765	8.00088381068057	25.66248995266453
-3.76	8.000883810680568	25.862840569687425
-3.755	8.000883810680564	26.067959362748528
-3.75	8.000883810680559	26.277859230834785
-3.745	8.000883810680557	26.49255260229409
-3.74	8.000883810680556	26.712051313460407
-3.735	8.00088381068055	26.936366523108557
-3.73	8.00088381068055	27.165508708676985
-3.725	8.000883810680554	27.399487605824977
-3.72	8.00088381068059	27.638312049216083
-3.715	8.00088381068059	27.881989951264682
-3.71	8.00088381068059	28.13052821276688
-3.705	8.00088381068059	28.383932647935012
-3.7	8.000883810680588	28.642207893645267
-3.695	8.00088381068059	28.90535734565551
-3.69	8.000883810680591	29.17338307074009
-3.685	8.00088381068059	29.446285710640478
-3.68	8.000883810680591	29.724064397522955
-3.675	8.00088381068059	30.006716668726533
-3.67	8.00088381068059	30.294238382503476
-3.665	8.00088381068059	30.586623648815657
-3.66	8.00088381068059	30.883864706357418
-3.655	8.00088381068059	31.18595186797828
-3.65	8.000883810680591	31.492873404136926
-3.645	8.00088381068059	31.804615482803758
-3.64	8.00088381068059	32.12116205064845
-3.635	8.000883810680584	32.44249486741566
-3.63	8.000883810680591	32.76859303607546
-3.625	8.000883810680588	33.09943345321
-3.62	8.000883810680591	33.43499039303368
-3.615	8.00088381068059	33.77523555742846
-3.61	8.00088381068059	34.12013787255619
-3.605	8.00088381068059	34.46966352583642
-3.6	8.00088381068059	34.82377578238991
-3.595	8.000883810680588	35.182435049575176
-3.59	8.00088381068059	35.545598841239006
-3.585	8.00088381068059	35.913221265294695
-3.58	8.00088381068059	36.28525366510652
-3.575	8.00088381068059	36.66164408939721
-3.57	8.00088381068059	37.042337397142056
-3.565	8.00088381068059	37.42727516610615
-3.56	8.00088381068059	37.816395678722564
-3.555	8.00088381068059	38.209634111317115
-3.55	8.000883810680588	38.606921617017626
-3.545	8.00088381068059	39.00818665305744
-3.54	8.00088381068059	39.41335406480424
-3.535	8.000883810680588	39.82234530024495
-3.53	8.00088381068059	40.23507847473278
-3.525	8.000883810680591	40.65146814946647
-3.52	8.00088381068059	41.07142591349093
-3.515	8.00088381068059	41.49485995049237
-3.51	8.00088381068059	41.92167472626171
-3.505	8.000883810680591	42.35177206489097
-3.5	8.00088381068059	42.78505034854086
-3.495	8.00088381068059	43.22140488635343
-3.49	8.000883810680588	43.66072792032307
-3.485	8.00088381068059	44.102908874900066
-3.48	8.00088381068059	44.54783440680796
-3.475	8.000883810680552	44.995388118145655
-3.47	8.000883810680548	45.44545124923051
-3.465	8.000883810680548	45.89790262988334
-3.46	8.000883810680554	46.352618378020416
-3.455	8.000883810680557	46.809472729224176
-3.45	8.000883810680559	47.26833765833754
-3.445	8.000883810680564	47.72908321847523
-3.44	8.000883810680566	48.19157773500909
-3.435	8.00088381068057	48.65568794268385
-3.43	8.000883810680573	49.12127904582288
-3.425	8.000883810680577	49.588215114720725
-3.42	8.000883810680579	50.05635897839807
-3.415	8.000883810680582	50.52557284629761
-3.41	8.000883810680584	50.9957178658889
-3.405	8.000883810680584	51.46665498139757
-3.4	8.000883810680584	51.93824454754855
-3.395	8.000883810680586	52.410346934425
-3.39	8.000883810680586	52.882822557858525
-3.385	8.000883810680588	53.35553209330453
-3.38	8.000883810680588	53.828336540719434
-3.375	8.000883810680588	54.30109779374878
-3.37	8.000883810680591	54.77367805595387
-3.365	8.00088381068059	55.245941034740405
-3.36	8.00088381068059	55.71775126560041
-3.355	8.00088381068059	56.188974629957094
-3.35	8.000883810680591	56.65947868339241
-3.345	8.00088381068059	57.129132551868835
-3.34	8.000883810680591	57.597806899953774
-3.335	8.00088381068059	58.06537460934661
-3.33	8.000883810680591	58.531710554454584
-3.325	8.000883810680586	58.99669167469626
-3.32	8.00088381068059	59.460197340082324
-3.315	8.000883810680591	59.92210917702628
-3.31	8.00088381068059	60.38231133631087
-3.305	8.00088381068059	60.840690574347335
-3.3	8.00088381068059	61.297136188254264
-3.295	8.00088381068059	61.751540173033625
-3.29	8.000883810680588	62.20379724908631
-3.285	8.00088381068059	62.65380489813466
-3.28	8.000883810680588	63.1014634896429
-3.275	8.00088381068059	63.54667568668137
-3.27	8.00088381068059	63.98934767074336
-3.265	8.00088381068059	64.4293878813169
-3.26	8.00088381068059	64.86670767931737
-3.255	8.000883810680591	65.30122123948745
-3.25	8.00088381068059	65.73284491321331
-3.245	8.00088381068059	66.16149827034431
-3.24	8.000883810680588	66.58710306989862
-3.235	8.000883810680591	67.00958368570002
-3.23	8.00088381068059	67.42886670464475
-3.225	8.00088381068058	67.8448812170207
-3.22	8.00088381068059	68.2575582781946
-3.215	8.00088381068059	68.66683120021862
-3.21	8.00088381068059	69.07263526537909
-3.205	8.00088381068059	69.47490727244117
-3.2	8.00088381068059	69.87358614131328
-3.195	8.00088381068059	70.26861217845355
-3.19	8.00088381068059	70.6599271831404
-3.185	8.000883810680591	71.04747425940326
-3.18	8.00088381068059	71.43119768548435
-3.175	8.000883810680588	71.81104269395527
-3.17	8.00088381068059	72.18695542701867
-3.165	8.00088381068059	72.55888278984222
-3.16	8.00088381068059	72.92677227256398
-3.155	8.00088381068059	73.2905715639997
-3.15	8.000883810680588	73.65022900126696
-3.145	8.00088381068059	74.00569277105355
-3.14	8.00088381068059	74.35691114439058
-3.135	8.00088381068059	74.70383227951497
-3.13	8.00088381068059	75.04640389986618
-3.125	8.00088381068059	75.38457392980418
-3.12	8.000883810680591	75.7182882199911
-3.115	8.00088381068059	76.04749342368116
-3.11	8.000883810680588	76.37213470296619
-3.105	8.00088381068059	76.69215660006648
-3.1	8.00088381068059	77.007502493295
-3.095	8.00088381068059	77.31811453679511
-3.09	8.00088381068059	77.6239337618822
-3.085	8.00088381068059	77.92489983770349
-3.08	8.00088381068059	78.2209509918794
-3.075	8.00088381068059	78.51202389222235
-3.07	8.00088381068059	78.7980541178559
-3.065	8.00088381068059	79.07897519260052
-3.06	8.00088381068059	79.35471910969378
-3.055	8.000883810680588	79.625216301847
-3.05	8.00088381068059	79.89039540132883
-3.045	8.000883810680591	80.15018316124096
-3.04	8.000883810680591	80.4045053278082
-3.035	8.000883810680591	80.65328514586487
-3.03	8.000883810680593	80.89644453487529
-3.025	8.000883810680591	81.13390367602273
-3.02	8.000883810680593	81.36558120399513
-3.015	8.00088381068059	81.5913940880484
-3.01	8.00088381068059	81.81125787024344
-3.005	8.000883810680593	82.02508666453146
-3.0	8.000883810680591	82.23279328268514
-2.995	8.00088381068059	82.43428925292089
-2.99	8.000883810680588	82.62948503878387
-2.985	8.000883810680584	82.81829006463484
-2.98	8.000883810680588	83.00061293193377
-2.975	8.000883810680584	83.17636154848594
-2.97	8.000883810680584	83.34544327927311
-2.965	8.000883810680582	83.50776521960626
-2.96	8.000883810680579	83.66323379950593
-2.955	8.000883810680577	83.81175608093783
-2.95	8.000883810680573	83.95323910799428
-2.945	8.00088381068057	84.08758575695511
-2.94	8.000883810680566	84.21471710812739
-2.935	8.000883810680563	84.33452925237053
-2.93	8.000883810680559	84.44693659156889
-2.925	8.000883810680557	84.55185056877767
-2.92	8.000883810680554	84.64918426786872
-2.915	8.000883810680552	84.73885259101061
-2.91	8.000883810680552	84.82077283600843
-2.905	8.00088381068059	84.89486465967913
-2.9	8.00088381068059	84.96105022801925
-2.895	8.00088381068059	85.01925493892577
-2.89	8.00088381068059	85.06940744536331
-2.885	8.000883810680588	85.11143983273946
-2.88	8.000883810680588	85.14528819328291
-2.875	8.000883810680588	85.17089275058105
-2.87	8.000883810680588	85.18819796787471
-2.865	8.000883810680588	85.19715340258485
-2.86	8.00088381068059	85.19771329528625
-2.855	8.000883810680588	85.18983716532833
-2.85	8.000883810680588	85.17349026859479
-2.845	8.000883810680588	85.14864348848855
-2.84	8.000883810680588	85.11527374136591
-2.835	8.000883810680586	85.07336409586799
-2.83	8.000883810680588	85.02290440435759
-2.825	8.000883810680588	84.96389114480789
-2.82	8.00088381068059	84.89632765405581
-2.815	8.000883810680582	84.82022447782485
-2.81	8.000883810680588	84.73559935566622
-2.805	8.000883810680588	84.6424775298972
-2.8	8.00088381068059	84.54089227262318
-2.795	8.000883810680588	84.43088399301563
-2.79	8.000883810680588	84.31250159416848
-2.785	8.000883810680588	84.18580082841495
-2.78	8.000883810680588	84.0508464874062
-2.775	8.000883810680588	83.90771118414462
-2.77	8.000883810680588	83.75647564708974
-2.765	8.000883810680586	83.59722856158454
-2.76	8.000883810680588	83.43006692517459
-2.755	8.000883810680588	83.25509567533717
-2.75	8.00088381067724	83.07242790764897
-2.745	8.000883810680588	82.88218457059563
-2.74	8.000883810680588	82.68449460884187
-2.735	8.00088381068059	82.47949455710474
-2.73	8.00088381068059	82.26732872856272
-2.725	8.000883810680588	82.04814888368438
-2.72	8.000883810680588	81.82211383839538
-2.715	8.00088381068059	81.58938988933862
-2.71	8.000883810680588	81.35014982878111
-2.705	8.000883810680588	81.10457318807327
-2.7	8.00088381068059	80.85284596654152
-2.695	8.00088381068059	80.59516014965511
-2.69	8.000883810680588	80.33171352378622
-2.685	8.00088381068059	80.06270925784031
-2.68	8.000883810680588	79.78835614187987
-2.675	8.00088381068059	79.50886721090673
-2.67	8.000883810680588	79.22446030387282
-2.665	8.00088381068059	78.93535731379447
-2.66	8.000883810680588	78.64178381879663
-2.655	8.000883810680552	78.34396869315377
-2.65	8.00088381068055	78.0421438851852
-2.645	8.000883810680552	77.7365437727754
-2.64	8.000883810680556	77.42740491811242
-2.635	8.000883810680557	77.11496459900282
-2.63	8.00088381068056	76.79946432792666
-2.625	8.000883810680564	76.48114343017913
-2.62	8.000883810680568	76.16024279223267
-2.615	8.000883810680572	75.83700389481987
-2.61	8.000883810749398	75.51166557089648
-2.605	8.000883810739957	75.18446816450655
-2.6	8.00088381073145	74.85564990083273
-2.595	8.000883810723876	74.52544721333527
-2.59	8.000883810717204	74.1940945272216
-2.585	8.000883810711382	73.861823466231
-2.58	8.000883810706341	73.52886325070284
-2.575	8.000883810702014	73.19543919300486
-2.57	8.000883810698324	72.86177313160992
-2.565	8.0008838106952	72.52808268503358
-2.56	8.000883810692569	72.19458099517948
-2.555	8.000883810690368	71.86147636921861
-2.55	8.000883810688535	71.52897170297032
-2.545	8.000883810687021	71.19726485999668
-2.54	8.000883810685774	70.86654739968459
-2.535	8.00088381068475	70.53700481125227
-2.53	8.000883810683918	70.20881588763785
-2.525	8.00088381068324	69.88215350092773
-2.52	8.000883810682692	69.5571825418097
-2.515	8.000883810682254	69.23406113525698
-2.51	8.000883810681898	68.9129397891399
-2.505	8.000883810681614	68.59396135083307
-2.5	8.000883810681394	68.27726073929999
-2.495	8.000883810681216	67.96296473991931
-2.49	8.000883810681074	67.65119192851496
-2.485	8.000883810680968	67.34205254590648
-2.48	8.00088381068088	67.03564812095925
-2.475	8.000883810680813	66.73207171031014
-2.47	8.000883810680762	66.431407437947
-2.465	8.00088381068072	66.13373066704223
-2.46	8.000883810680689	65.8391078847549
-2.455	8.000883810680664	65.54759658007136
-2.45	8.000883810680646	65.25924527957845
-2.445	8.000883810680632	64.97409284946492
-2.44	8.000883810680623	64.69217110516848
-2.435	8.000883810680634	64.41350107181336
-2.43	8.000883810680609	64.13809484457225
-2.425	8.000883810680604	63.86595674157519
-2.42	8.0008838106806	63.5970805200923
-2.415	8.000883810680596	63.33145270795842
-2.41	8.000883810680595	63.069050495080916
-2.405	8.000883810680588	62.80984262789424
-2.4	8.000883810680591	62.55378927284674
-2.395	8.000883810680593	62.300842291869856
-2.39	8.000883810680591	62.05094528854581
-2.385	8.000883810680591	61.8040338030988
-2.38	8.000883810680591	61.560035551234165
-2.375	8.000883810680591	61.31887048644414
-2.37	8.000883810680593	61.08045099437216
-2.365	8.000883810680591	60.844682153209824
-2.36	8.000883810680593	60.611461927743
-2.355	8.000883810680593	60.38068141865413
-2.35	8.000883810680596	60.15222490353902
-2.345	8.000883810680598	59.92597043365656
-2.34	8.000883810680605	59.70178968247363
-2.335	8.000883810680612	59.47954855190634
-2.33	8.000883810680623	59.259107061349944
-2.325	8.000883810680639	59.04031995499761
-2.32	8.000883810680662	58.823036966136705
-2.315	8.00088381068069	58.607102938511915
-2.31	8.000883810680735	58.39235789591027
-2.305	8.000883810680794	58.178637988745024
-2.3	8.000883810680882	57.96577535667009
-2.295	8.000883810681	57.75359851616524
-2.29	8.000883810681163	57.54193249729018
-2.285	8.000883810681394	57.33059956357995
-2.28	8.000883810681708	57.11941921634104
-2.275	8.000883810682145	56.90820883132828
-2.27	8.00088381068274	56.696783679206135
-2.265	8.000883810683558	56.48495743091307
-2.26	8.000883810684671	56.27254250413743
-2.255	8.000883810686183	56.059350293997866
-2.25	8.000883810688231	55.84519170001504
-2.245	8.000883810690999	55.629877361869625
-2.24	8.000883810694722	55.413218319798425
-2.235	8.00088381069972	55.19502616308214
-2.23	8.000883810706414	54.975111517985404
-2.225	8.000883810715337	54.75328862640268
-2.22	8.0008838107272	54.52937238598751
-2.215	8.000883810742929	54.30317953740149
-2.21	8.000883810763714	54.07452904982795
-2.205	8.000883810791102	53.84324285749588
-2.2	8.000883810827071	53.60914505101531
-2.195	8.00088381087417	53.372064760276366
-2.19	8.000883810935653	53.131833081290345
-2.185	8.000883811015665	52.88828582754575
-2.18	8.000883811119465	52.64126323436282
-2.175	8.000883811253711	52.39060998753558
-2.17	8.000883811426792	52.13617605700371
-2.165	8.000883811649244	51.87781665990668
-2.16	8.000883811934246	51.6153928429645
-2.155	8.000883812298236	51.34877732647478
-2.15	8.000883810720397	51.0778313116552
-2.145	8.000883810727512	50.80244085419487
-2.14	8.000883810735544	50.522488112767746
-2.135	8.000883810744517	50.23787667209535
-2.13	8.000883810680573	49.948502776057964
-2.125	8.000883810680568	49.654275459488765
-2.12	8.000883810680564	49.35511155884116
-2.115	8.00088381068056	49.05093622028996
-2.11	8.000883810680557	48.741682801186926
-2.105	8.000883810680556	48.42729340675985
-2.1	8.000883810680552	48.10771874331573
-2.095	8.00088381068055	47.782918557559015
-2.09	8.00088381068055	47.452861662614545
-2.085	8.000883810680588	47.117526166087416
-2.08	8.00088381068059	46.77689937432025
-2.075	8.000883810680591	46.43097826326975
-2.07	8.00088381068059	46.07976924621393
-2.065	8.00088381068059	45.72328852603151
-2.06	8.000883810680588	45.361561904671184
-2.055	8.00088381068059	44.99462487439724
-2.05	8.00088381068059	44.622522841492454
-2.045	8.00088381068059	44.245310886394556
-2.04	8.000883810680591	43.86305379687535
-2.035	8.00088381068059	43.475826163673695
-2.03	8.00088381068059	43.08371214518629
-2.025	8.000883810680614	42.6868055071884
-2.02	8.000883810680591	42.28520933602954
-2.015	8.000883810680591	41.87903644424081
-2.01	8.000883810680591	41.46840884632598
-2.005	8.000883810680591	41.0534568054056
-2.0	8.00088381068059	40.63432050790574
-1.995	8.000883810676765	40.211147955409565
-1.99	8.00088381068059	39.784096606203484
-1.985	8.00088381068059	39.35333139790104
-1.98	8.00088381068059	38.91902554748468
-1.975	8.00088381068059	38.481359943788725
-1.97	8.000883810680591	38.040523021581315
-1.965	8.00088381068059	37.59671176353854
-1.96	8.000883810680591	37.15012561458559
-1.955	8.000883810680591	36.700974894537026
-1.95	8.000883810680591	36.24947474070488
-1.945	8.000883810680591	35.79584610622069
-1.94	8.000883810680591	35.340315314135026
-1.935	8.000883810680591	34.88311387040783
-1.93	8.000883810677156	34.42447793242268
-1.925	8.000883810680593	33.964648061621034
-1.92	8.000883810680591	33.50386863638664
-1.915	8.000883810680591	33.042387567599356
-1.91	8.000883810680593	32.58045591841736
-1.905	8.00088381068059	32.11832737320535
-1.9	8.000883810680591	31.656257892181298
-1.895	8.000883810680591	31.194505347111065
-1.89	8.00088381068059	30.73332893255644
-1.885	8.00088381068059	30.272988966432777
-1.88	8.00088381068059	29.8137462331449
-1.875	8.00088381068059	29.35586181359608
-1.87	8.000883810680588	28.899596440370246
-1.865	8.00088381068059	28.44521026641811
-1.86	8.00088381068059	27.992962447172047
-1.855	8.000883810680591	27.54311066783528
-1.85	8.00088381068059	27.095910839789248
-1.845	8.000883810680591	26.651615800902654
-1.84	8.00088381068059	26.21047825524353
-1.835	8.000883810680552	25.77274571443226
-1.83	8.00088381068055	25.338663265803696
-1.825	8.000883810680552	24.908473776806574
-1.82	8.000883810680556	24.482412237866747
-1.815	8.000883810680559	24.060713349637357
-1.81	8.000883810680563	23.64360608551372
-1.805	8.000883810680566	23.23131476916086
-1.8	8.000883810680568	22.824058680652776
-1.795	8.000883810680573	22.422051926903006
-1.79	8.000883810680575	22.025503218346085
-1.785	8.000883810680579	21.634615598074152
-1.78	8.00088381068058	21.249586324583376
-1.775	8.00088381068058	20.87060665816095
-1.77	8.000883810680586	20.497861733933448
-1.765	8.000883810680584	20.131530409767315
-1.76	8.000883810680586	19.771785155029953
-1.755	8.000883810680588	19.418835388633507
-1.75	8.000883810680588	19.072710131098727
-1.745	8.00088381068059	18.733692402106712
-1.74	8.000883810680591	18.40188500718913
-1.735	8.00088381068059	18.077427138729462
-1.73	8.00088381068059	17.760451286058544
-1.725	8.00088381068059	17.451083163256172
-1.72	8.00088381068059	17.149441720418885
-1.715	8.000883810680591	16.85563907760513
-1.71	8.00088381068059	16.56978068907163
-1.705	8.000883810680591	16.29196522367807
-1.7	8.00088381068059	16.022284673159692
-1.695	8.00088381068059	15.760824538678216
-1.69	8.000883810680588	15.50766358918883
-1.685	8.00088381068059	15.262874250507982
-1.68	8.00088381068059	15.026522547959631
-1.675	8.00088381068059	14.798668103194196
-1.67	8.00088381068059	14.579364536089331
-1.665	8.00088381068059	14.3686591671963
-1.66	8.00088381068059	14.166593352676221
-1.655	8.000883810680588	13.973202622453101
-1.65	8.000883810680588	13.78851665723671
-1.645	8.00088381068059	13.612559454168068
-1.64	8.00088381068059	13.445349482536432
-1.635	8.00088381068059	13.286899746370155
-1.63	8.000883810680588	13.137217987491734
-1.625	8.000883810680588	12.996306500263092
-1.62	8.000883810680588	12.864162705093845
-1.615	8.000883810680609	12.740778944409447
-1.61	8.00088381068059	12.626142669175021
-1.605	8.00088381068059	12.520236587768826
-1.6	8.000883810680588	12.423038422054052
-1.595	8.000883810680588	12.334522029852165
-1.59	8.000883810680588	12.254656077314833
-1.585	8.000883810680584	12.183405097884537
-1.58	8.00088381068059	12.120729295691325
-1.575	8.00088381068059	12.0665846387552
-1.57	8.00088381068059	12.020922914165268
-1.565	8.00088381068059	11.98369184664572
-1.56	8.00088381068059	11.95483317292471
-1.555	8.00088381068059	11.93429249532664
-1.55	8.00088381068059	11.921999750657458
-1.545	8.00088381068059	11.917888850649074
-1.54	8.00088381068059	11.921887930293403
-1.535	8.00088381068059	11.933921338409306
-1.53	8.000883810680588	11.953909682503218
-1.525	8.000883810680588	11.981769801654577
-1.52	8.00088381068059	12.0174155149095
-1.515	8.000883810680588	12.060755029570856
-1.51	8.00088381068059	12.11169475769455
-1.505	8.00088381068059	12.17013686031373
-1.5	8.00088381068059	12.235979819097057
-1.495	8.00088381068059	12.309118344455374
-1.49	8.000883810680588	12.389443878441007
-1.485	8.000883810680588	12.476843635598716
-1.48	8.00088381068059	12.571201518070632
-1.475	8.000883810680588	12.672397667787964
-1.47	8.00088381068059	12.780308504391837
-1.465	8.00088381068059	12.894806774161504
-1.46	8.000883810680588	13.015761490126117
-1.455	8.000883810680588	13.143037921120904
-1.45	8.000883810680588	13.276497701791378
-1.445	8.000883810680588	13.415998391634163
-1.44	8.00088381068059	13.561394418273581
-1.435	8.000883810680588	13.712535135634463
-1.43	8.000883810680588	13.869268112183187
-1.425	8.000883810680588	14.031435636946627
-1.42	8.000883810680586	14.198876510407889
-1.415	8.000883810680588	14.371425888620578
-1.41	8.000883810680588	14.548915125583266
-1.405	8.000883810680588	14.731171790719586
-1.4	8.000883810680588	14.918019724401727
-1.395	8.000883810680588	15.109279167809149
-1.39	8.000883810680588	15.304766208718513
-1.385	8.000883810680588	15.504293901486918
-1.38	8.000883810680586	15.707671189989968
-1.375	8.000883810680586	15.914703659384504
-1.37	8.000883810680586	16.125190730238135
-1.365	8.000883810680584	16.338938754266174
-1.36	8.000883810680582	16.555735237700922
-1.355	8.00088381068058	16.77537420024238
-1.35	8.000883810680579	16.99764439957422
-1.345	8.000883810680577	17.222331275739826
-1.34	8.000883810680575	17.449217198431402
-1.335	8.00088381068057	17.67808160259167
-1.33	8.000883810680566	17.90870108270225
-1.325	8.00088381068056	18.140849540578028
-1.32	8.000883810680554	18.374298387773834
-1.315	8.000883810680547	18.60881638025663
-1.31	8.000883810680538	18.844170252744895
-1.305	8.000883810680529	19.080124541516494
-1.3	8.000883810680502	19.31644187866688
-1.295	8.000883810680502	19.55288296276932
-1.29	8.000883810680486	19.78920712177807
-1.285	8.000883810680468	20.02517222521522
-1.28	8.000883810680449	20.260534930945784
-1.275	8.000883810680422	20.495050965175345
-1.27	8.000883810680397	20.728475312468618
-1.265	8.000883810680403	20.960562363745364
-1.26	8.000883810680365	21.191066295790872
-1.255	8.000883810680318	21.419741190711413
-1.25	8.00088381068026	21.646341328073166
-1.245	8.00088381068019	21.870621451882336
-1.24	8.000883810680104	22.092336988741515
-1.235	8.000883810680003	22.311244351053524
-1.23	8.000883810679879	22.52710117464008
-1.225	8.000883810679728	22.73966664819614
-1.22	8.000883810679545	22.948701730750567
-1.215	8.000883810679323	23.153969446140888
-1.21	8.000883810679055	23.35523522121854
-1.205	8.00088381067875	23.552267116404444
-1.2	8.000883810678335	23.744836093534463
-1.195	8.000883810677857	23.93271630865113
-1.19	8.000883810677276	24.115685722368333
-1.185	8.000883810676575	24.29352584163171
-1.18	8.000883810675724	24.466022401606317
-1.175	8.000883810670956	24.632965555677828
-1.17	8.000883810673441	24.79415009673477
-1.165	8.000883810671926	24.949375889822974
-1.16	8.000883810670087	25.09844810245655
-1.155	8.000883810667862	25.24117753213451
-1.15	8.000883810665163	25.37738058474318
-1.145	8.000883810661893	25.506880108314977
-1.14	8.000883810657928	25.629505202640495
-1.135	8.000883810653125	25.745091711655917
-1.13	8.000883810647299	25.853482428843204
-1.125	8.000883810640241	25.954527294308388
-1.12	8.000883810631686	26.048083695685268
-1.115	8.000883810621316	26.134016753669385
-1.11	8.000883810605227	26.212199457289515
-1.105	8.000883810593516	26.28251297888006
-1.1	8.000883810575054	26.344846738478005
-1.095	8.000883810552681	26.39909887316937
-1.09	8.000883810525565	26.44517606543162
-1.085	8.0008838104927	26.482993982596238
-1.08	8.00088381045287	26.512477339621512
-1.075	8.000883810404597	26.53356007163628
-1.07	8.000883810346094	26.546185437345393
-1.065	8.000883810275193	26.55030618691273
-1.06	8.000883810189269	26.54588463569766
-1.055	8.000883810085142	26.532892708151632
-1.05	8.000883809958953	26.511312159930227
-1.045	8.000883809806034	26.481134392792928
-1.04	8.000883809620728	26.44236073318288
-1.035	8.000883809396182	26.395002340963288
-1.03	8.000883809124094	26.339080213788915
-1.025	8.000883808794407	26.27462515210828
-1.02	8.000883808394947	26.201677803179418
-1.015	8.000883807910927	26.120288604431458
-1.01	8.000883807324565	26.030517568922598
-1.005	8.00088380661421	25.932434432248527
-1.0	8.00088380575368	25.82611832953383
-0.995	8.0008838047113	25.711657810322258
-0.99	8.000883803448719	25.589150634465252
-0.985	8.000883801919539	25.458703587595345
-0.98	8.000883800067616	25.320432552172846
-0.975	8.00088379782504	25.174461868594932
-0.97	8.00088379517665	25.02092446802822
-0.965	8.000883791879886	24.859961500651572
-0.96	8.00088378784249	24.691722192715904
-0.955	8.000883783067447	24.516363460305637
-0.95	8.000883778948493	24.3340498284403
-0.945	8.000883771501142	24.144952629252323
-0.94	8.000883762658392	23.949250438653934
-0.935	8.000883752093754	23.747128358986966
-0.93	8.000883739420319	23.53877758210145
-0.925	8.000883724177037	23.32439520561363
-0.92	8.00088370581251	23.104183916848335
-0.915	8.000883683665743	22.878351551221844
-0.91	8.000883656943188	22.647110698551316
-0.905	8.000883624691411	22.41067841038837
-0.9	8.00088358576446	22.169275264160216
-0.895	8.000883538784867	21.923126819276295
-0.89	8.00088348209718	21.672460537360788
-0.885	8.00088341371249	21.41750725084997
-0.88	8.000883331242129	21.1585008851194
-0.875	8.000883231818904	20.89567515962438
-0.87	8.00088311200309	20.62926754194267
-0.865	8.000882967670645	20.359516102119084
-0.86	8.00088279388034	20.08665961722165
-0.855	8.000882584715926	19.810937298721633
-0.85	8.000882333098936	19.532588396815164
-0.845	8.00088203056685	19.251851698195253
-0.84	8.000881667010512	18.968965231077792
-0.835	8.000881230363724	18.684165904138172
-0.83	8.000880706236707	18.397689043283215
-0.825	8.00088007748388	18.10976808246828
-0.82	8.000879323694797	17.820634234278227
-0.815	8.000878420595424	17.53051606379533
-0.81	8.000877339344923	17.23963926607971
-0.805	8.000876045710843	16.948226232018595
-0.8	8.000874499103137	16.656495802354293
-0.795	8.000872651444501	16.36466301346864
-0.79	8.000870445851163	16.07293868619013
-0.785	8.000867815095216	15.781529295986545
-0.78	8.000864679814253	15.490636630128785
-0.775	8.000860946431118	15.20045764442075
-0.77	8.000856504740256	14.911184130051266
-0.765	8.000851225112124	14.623002575642909
-0.76	8.000844955260908	14.3360939779761
-0.755	8.000837516513732	14.050633568851463
-0.75	8.000828699471025	13.766790985719261
-0.745	8.000818259212805	13.484729682903414
-0.74	8.000805909420574	13.204607070638735
-0.735	8.000791316002662	12.926574407158217
-0.73	8.000774089632847	12.650776611417333
-0.725	8.00075377726911	12.377352262586653
-0.72	8.00072985249501	12.106433514215333
-0.715	8.00070170454293	11.838146063799796
-0.71	8.000668625845769	11.572608969650679
-0.705	8.000629797950003	11.309935236210016
-0.7	8.00058427560953	11.050230759564556
-0.695	8.000530968865569	10.793595503229719
-0.69	8.00046862290363	10.540122629467524
-0.685	8.000395795464902	10.289898930581991
-0.68	8.000310831575241	10.043004924642222
-0.675	8.000211835342252	9.799514782398942
-0.67	8.000096638558581	9.559496464472032
-0.665	7.999962765838777	9.32301180542723
-0.66	7.999807396007931	9.090116626139707
-0.655	7.999627319453251	8.860860790328246
-0.65	7.999418891145482	8.635288367643831
-0.645	7.999177979035895	8.413437732026653
-0.64	7.998899907537241	8.195341734934184
-0.635	7.99857939580411	7.981027778978888
-0.63	7.998210490540309	7.770518018938043
-0.625	7.997786493078629	7.563829471796264
-0.62	7.997299880502751	7.360974171077927
-0.615	7.99674222061236	7.161959420024589
-0.61	7.99610408057178	6.966787811290933
-0.605	7.9953749291300795	6.7754574725067345
-0.6	7.994543032357356	6.587962206462857
-0.595	7.9935953429083	6.4042917511737585
-0.59	7.992517382900606	6.224431810584255
-0.585	7.991293120582823	6.048364338322197
-0.58	7.98990484105682	5.876067664306902
-0.575	7.9883330114786615	5.707516676323652
-0.57	7.986556141131107	5.542683031271946
-0.565	7.984550637139632	5.381535283292811
-0.56	7.982290656495908	5.2240390814854685
-0.555	7.979747955349438	5.070157345664967
-0.55	7.97689173663617	4.919850433429173
-0.545	7.973688497283878	4.773080361829541
-0.54	7.970101876403306	4.62979077461894
-0.535	7.966092506046702	4.489947491318035
-0.53	7.961617866288892	4.353498302980822
-0.525	7.956632146558277	4.2203933220633685
-0.52	7.951086115312894	4.090581097499216
-0.515	7.944927000317019	3.964008780299421
-0.51	7.938098381923091	3.840622284398689
-0.505	7.930540101898554	3.720366431950506
-0.5	7.922188190453658	3.603185101977996
-0.495	7.912974814220088	3.4890213750748016
-0.49	7.902828247997971	3.3778176931653223
-0.485	7.891672873125736	3.2695159754276766
-0.48	7.879429205329921	3.164057761470227
-0.475	7.866013954876221	3.0613843529263662
-0.47	7.851340121765462	2.9614369353148637
-0.465	7.8353171285954595	2.864156682661898
-0.46	7.817850993539129	2.769484896344212
-0.455	7.798844545668576	2.6773631227173373
-0.45	7.7781976845824845	2.587733256514288
-0.445	7.755807685969428	2.5005376376845345
-0.44	7.731569554362287	2.4157191586275313
-0.435	7.705376423910238	2.3332213482586517
-0.43	7.677120007516151	2.252988490837803
-0.425	7.646691094162056	2.1749656699449345
-0.42	7.613980093677366	2.099098863436498
-0.415	7.578877627598976	2.0253350208469185
-0.41	7.541275164135279	1.9536221190897973
-0.405	7.501065694585061	1.8839092271271958
-0.4	7.458144447884796	1.816146558522777
-0.395	7.412409639274071	1.7502855155492634
-0.39	7.363763248387748	1.6862787303771107
-0.385	7.312111821416482	1.6240800906139357
-0.38	7.257367291334974	1.5636447810637808
-0.375	7.199447809591709	1.5049292937044503
-0.37	7.138278582096362	1.4478914387911415
-0.365	7.073792701843395	1.3924903554221892
-0.36	7.005931970083703	1.3386865113804056
-0.355	6.934647697607924	1.2864416929449671
-0.35	6.859901477481354	1.2357189948874023
-0.345	6.781665920316786	1.1864828007148647
-0.34	6.6999253433325965	1.1386987570075566
-0.335	6.614676404260694	1.0923337430012912
-0.33	6.525928671564931	1.0473558346221228
-0.325	6.433705122643439	1.0037342642873426
-0.32	6.338042562155802	0.9614393736159923
-0.315	6.238991953173174	0.9204425656334879
-0.31	6.1366186545293315	0.880716251730393
-0.305	6.031002558544043	0.8422337934801418
-0.3	5.922238124189503	0.804969443538471
-0.295	5.810434301765877	0.7688982850386891
-0.29	5.695714346231686	0.7339961691449746
-0.285	5.578215517485001	0.7002396480282815
-0.28	5.458088667097013	0.6676059115349859
-0.275	5.33549771224385	0.6360727203823736
-0.27	5.210618998847525	0.6056183478299978
-0.265	5.08364055720428	0.5762215058694702
-0.26	4.95476125462889	0.547861289834839
-0.255	4.8241898508576835	0.5205171157667984
-0.25	4.6921439631120645	0.4941686638382914
-0.245	4.558848948809618	0.4687958216782183
-0.24	4.424536714904247	0.44437863454283344
-0.235	4.2894444637238065	0.4208972536915878
-0.23	4.153813385939127	0.3983318963313712
-0.225	4.0178873118255405	0.3766628020982705
-0.22	3.881911333180873	0.35587019803588993
-0.215	3.7461304064799	0.33593426775638224
-0.21	3.6107879515002974	0.31683512390342083
-0.205	3.4761244562412403	0.29855278644059957
-0.2	3.342376100839496	0.2810671660241474
-0.195	3.2097734122187536	0.2643580494519332
-0.19	3.0785399608477615	0.24840509363514254
-0.185	2.94889111038513	0.23318782073303085
-0.18	2.8210328302582273	0.21868562034071337
-0.175	2.695160580373247	0.20487775306323927
-0.17	2.571458276198392	0.19174335873871853
-0.165	2.4500973414185507	0.17926146870037368
-0.16	2.3312358542472857	0.16741102469365476
-0.155	2.215017792313921	0.1561708931252789
-0.15	2.1015723798523744	0.1455198882947565
-0.145	1.991013539704916	0.13543679535748782
-0.14	1.883439451456724	0.12590039560843155
-0.135	1.7789322158434495	0.11688949272650684
-0.13	1.6775576244460355	0.10838294185503224
-0.125	1.5793650326222566	0.10035967730063831
-0.12	1.4843873326374069	0.0927987424221923
-0.115	1.3926410230614648	0.0856793176126599
-0.11	1.3041263697085432	0.07898075182762127
-0.105	1.2188276527159874	0.07268258878147435
-0.1	1.136713493802218	0.06676459587641156
-0.095	1.0577372573090744	0.06120679062997612
-0.09	0.9818375183281012	0.05598946656314429
-0.085	0.9089385910307215	0.051093217347798606
-0.08	0.8389511102667744	0.04649895936502901
-0.075	0.7717726595594956	0.04218795296322107
-0.07	0.7072884388003944	0.03814182152240709
-0.065	0.6453719652255442	0.034342569152828566
-0.06	0.5858858016245063	0.030772596368720335
-0.055	0.5286823061820478	0.027414713983145954
-0.05	0.47360439886726324	0.024252155576712127
-0.045	0.42048633985000133	0.02126858792283533
-0.04	0.3691545160253655	0.01844812002054327
-0.035	0.31942823234782836	0.015775310951174217
-0.03	0.27112050530156434	0.013235176034249075
-0.025	0.22403885644753702	0.010813192023756734
-0.02	0.1779861045759502	0.00849530140385762
-0.015	0.13276115554089055	0.006267915835755779
-0.01	0.0881597893495906	0.004117918964740823
-0.005	0.04397544451026233	0.002032668825756546
0.0	0.0	0.0
0.005	0.04397544451026235	0.001991774246903061
0.01	0.0881597893495906	0.003953859821936416
0.015	0.13276115554089057	0.005896979343152079
0.02	0.17798610457595027	0.007831369320281686
0.025	0.22403885644753702	0.009766776792230062
0.03	0.2711205053015643	0.01171245537588157
0.035	0.3194282323478284	0.013677160568272367
0.04	0.3691545160253655	0.01566914443728208
0.045	0.4204863398500014	0.017696149300140872
0.05	0.47360439886726313	0.019765400880373474
0.055	0.5286823061820476	0.02188360052033117
0.06	0.5858858016245062	0.024056916812963777
0.065	0.6453719652255443	0.02629097654828881
0.07	0.7072884388003944	0.0285908552010245
0.075	0.7717726595594957	0.030961067041362623
0.08	0.8389511102667748	0.03340555501497528
0.085	0.9089385910307215	0.03592768063504092
0.09	0.9818375183281016	0.03853021405392088
0.095	1.0577372573090749	0.04121532448295892
0.1	1.136713493802219	0.04398457141695545
0.105	1.2188276527159891	0.046838896543076734
0.11	1.3041263697085455	0.04977861697550785
0.115	1.3926410230614674	0.0528034198411966
0.12	1.4843873326374109	0.05591235851531081
0.125	1.5793650326222617	0.05910385083742087
0.13	1.6775576244460422	0.06237567995786319
0.135	1.7789322158434582	0.06572499644381233
0.14	1.8834394514567347	0.06914832435568137
0.145	1.9910135397049291	0.07264156961006153
0.15	2.10157237985239	0.07620003109642338
0.155	2.215017792313922	0.07981841586922771
0.16	2.3312358542472866	0.08349085678992679
0.165	2.450097341418552	0.08721093306118505
0.17	2.5714582761982383	0.09097169874409411
0.175	2.6951605803730874	0.09476570637516235
0.18	2.8210328302580634	0.09858504135597533
0.185	2.948891110384963	0.10242135666252503
0.19	3.0785399608475923	0.10626591177996816
0.195	3.2097734122185857	0.1101096141795639
0.2	3.342376100839327	0.1139430635997913
0.205	3.476124456241073	0.11775659975563421
0.21	3.6107879515001327	0.12154035199038497
0.215	3.74613040647974	0.12528429115842332
0.22	3.881911333180717	0.12897828338081505
0.225	4.017887311825389	0.1326121451003832
0.23	4.153813385845054	0.13617569957987402
0.235	4.289444463638972	0.13965883336697352
0.24	4.424536714827965	0.14305155337874076
0.245	4.558848948741223	0.14634404367389822
0.25	4.692143963050913	0.14952672188813756
0.255	4.824189850803165	0.15259029378586061
0.26	4.954761254580421	0.15552580624357293
0.265	5.083640557163993	0.15832469960762754
0.27	5.210618998809533	0.16097885554401198
0.275	5.335497712210353	0.16348064362162842
0.28	5.458088667067564	0.16582296364178395
0.285	5.578215517459173	0.16799928554533586
0.29	5.695714346209103	0.17000368399009372
0.295	5.810434301746182	0.1718308699384858
0.3	5.922238124172373	0.17347621573918565
0.305	6.031002558529182	0.17493578370080198
0.31	6.1366186545164725	0.17620633409079856
0.315	6.2389919531620786	0.17728534359751938
0.32	6.338042562146255	0.17817101169526106
0.325	6.433705122635244	0.17886226410459358
0.33	6.525928671557915	0.17935875021419398
0.335	6.614676404254703	0.17966083383454365
0.34	6.699925343327495	0.1797695867579121
0.345	6.781665920312451	0.17968676871423256
0.35	6.859901477477682	0.17941480863183007
0.355	6.9346476976084634	0.17895678068053245
0.36	7.005931970081087	0.17831637488930163
0.365	7.073792701841194	0.1774978678786894
0.37	7.138278582094517	0.17650608639855397
0.375	7.199447809590166	0.175346368972062
0.38	7.2573672913336855	0.17402453526169098
0.385	7.31211182141541	0.17254683103111623
0.39	7.363763248386859	0.17091989394335394
0.395	7.412409639273335	0.16915070829535508
0.4	7.458144447884184	0.1672465567404065
0.405	7.501065694584557	0.16521497889892667
0.41	7.541275164134867	0.16306372347282302
0.415	7.5788776275986365	0.16080070391008003
0.42	7.613980093677091	0.1584339535444753
0.425	7.64669109416183	0.1559715830133337
0.43	7.677120007515966	0.15342173684125984
0.435	7.70537642391009	0.15079255441744072
0.44	7.731569554362167	0.14809212964091995
0.445	7.75580768596933	0.14532847561640017
0.45	7.7781976845824055	0.142509489430583
0.455	7.798844545668514	0.1396429200846291
0.46	7.817850993539079	0.13673633888580272
0.465	7.835317128595418	0.1337971128942893
0.47	7.851340121765429	0.13083237993272975
0.475	7.866013954876196	0.12784902759287733
0.48	7.8794292053299	0.12485367381554158
0.485	7.891672873125718	0.12185265120383237
0.49	7.9028282479979595	0.1188519931938251
0.495	7.912974814219894	0.11585742329089102
0.5	7.922188190453482	0.11287434659080368
0.505	7.930540101898395	0.1099078436909988
0.51	7.9380983819229485	0.10696266784724431
0.515	7.944927000316893	0.10404324260771557
0.52	7.951086115312779	0.10115366270390895
0.525	7.956632146558175	0.09829769766784816
0.53	7.961617866288805	0.09547879426008667
0.535	7.966092506046624	0.09270008369302866
0.54	7.970101876403237	0.08996438844654338
0.545	7.973688497283816	0.08727423120820674
0.55	7.9768917366361185	0.08463184434691277
0.555	7.979747955349391	0.08203918048971477
0.56	7.982290656495866	0.07949792435407686
0.565	7.984550637139597	0.07700950445111936
0.57	7.986556141131079	0.07457510618033171
0.575	7.988333011478634	0.07219568453967568
0.58	7.989904841056797	0.0698719775177661
0.585	7.991293120575861	0.06760451942179298
0.59	7.992517382893986	0.06539365460832658
0.595	7.993595342902091	0.0632395505383415
0.6	7.9945430323515945	0.06114221092541855
0.605	7.995374929124788	0.05910148948052575
0.61	7.996104080566963	0.05711710148979632
0.615	7.9967422206080085	0.05518863691998525
0.62	7.99729988049885	0.053315572012495566
0.625	7.997786493075153	0.05149728078997927
0.63	7.998210490537232	0.04973304584143007
0.635	7.998579395801402	0.04802206943834267
0.64	7.998899907534867	0.04636348221936541
0.645	7.99917797903383	0.044756353323551455
0.65	7.999418891141401	0.04319969895524468
0.655	7.999627319449837	0.041692490542739866
0.66	7.999807396005085	0.04023366249524696
0.665	7.999962765836414	0.03882211894852637
0.67	8.000096638556624	0.03745674064100752
0.675	8.000211835340636	0.03613639058552185
0.68	8.00031083157391	0.034859920108968975
0.685	8.000395795463811	0.03362617313650371
0.69	8.00046862290274	0.032433991087888574
0.695	8.000530968864844	0.031282217000982195
0.7	8.000584275608949	0.03016969896697671
0.705	8.000629797949525	0.029095293619494037
0.71	8.000668625845385	0.028057868803396866
0.715	8.000701703930241	0.027056306179081203
0.72	8.000729851990894	0.026089503371495206
0.725	8.000753776855825	0.025156376033460527
0.73	8.00077408929523	0.02425585909378275
0.735	8.000791315727836	0.023386908654308227
0.74	8.00080590919764	0.022548502445497148
0.745	8.000818259032586	0.021739641323061224
0.75	8.000828699325838	0.020959349700635194
0.755	8.000837516368092	0.020206676108295324
0.76	8.000844955147706	0.01948069361851272
0.765	8.000851225024483	0.01878050005700187
0.77	8.000856504672665	0.018105218176043755
0.775	8.000860946379202	0.017453995550690993
0.78	8.000864679774528	0.016826004579407673
0.785	8.000867815064938	0.01622044229329778
0.79	8.000870445828161	0.01563653007231731
0.795	8.00087265142705	0.015073520689962013
0.8	8.000874499089942	0.01453066159456218
0.805	8.00087604570083	0.014007266961910942
0.81	8.000877339345584	0.013502644882143939
0.815	8.000878420595871	0.013016132992232293
0.82	8.000879323694914	0.01254709098881357
0.825	8.000880077479811	0.012094899559291198
0.83	8.00088070623294	0.0116589614739315
0.835	8.000881230359873	0.011238696697651814
0.84	8.000881667006185	0.01083354730246572
0.845	8.000882030561606	0.010442975531581779
0.85	8.000882333092246	0.010066460032961038
0.855	8.000882584707142	0.009703498269940875
0.86	8.000882793868632	0.009353605182082367
0.865	8.000882967654926	0.009016312729574334
0.87	8.000883111981937	0.008691169220709189
0.875	8.00088323179046	0.00837773888757065
0.88	8.00088333120394	0.008075601322866156
0.885	8.000883413661342	0.007784350986652795
0.89	8.000883482028867	0.007503596724708204
0.895	8.000883538693854	0.0072329612663621645
0.9	8.000883585643582	0.006972080771479375
0.905	8.000883624531346	0.006720604359634122
0.91	8.00088365673185	0.006478193675417656
0.915	8.00088368340633	0.0062445224432416966
0.92	8.000883705447386	0.00601927607397305
0.925	8.00088372369925	0.005802151203209927
0.93	8.000883738796976	0.00559285537381233
0.935	8.000883751282931	0.005391106598463273
0.94	8.000883761606849	0.005196633017282278
0.945	8.000883770141503	0.005009172492679241
0.95	8.000883777195767	0.0048284723639173514
0.955	8.000883783025483	0.004654290744506018
0.96	8.0008837878425	0.004486387545950782
0.965	8.000883791822188	0.004324541588782092
0.97	8.000883795109681	0.004168532865353695
0.975	8.000883797825058	0.0040181509381614616
0.98	8.00088380006763	0.0038731930029092887
0.985	8.000883801919562	0.003733463508509989
0.99	8.000883803448746	0.0035987739562880483
0.995	8.00088380471133	0.0034689426293003857
1.0	8.000883805753716	0.0033437943622601626
1.005	8.000883806614246	0.003223160305111036
1.01	8.000883807324607	0.0031068776969464945
1.015	8.000883807910965	0.0029947895918834757
1.02	8.000883808394947	0.0028867447323317956
1.025	8.000883808794407	0.002782597366497765
1.03	8.000883809124092	0.002682206895737056
1.035	8.000883809396182	0.0025854378462695704
1.04	8.000883809620728	0.002492159622937638
1.045	8.000883809806034	0.0024022463188208614
1.05	8.000883809958951	0.0023155765789000396
1.055	8.000883810085142	0.0022320334243147305
1.06	8.00088381018927	0.0021515040893023236
1.065	8.000883810275193	0.002073879869535489
1.07	8.000883810346055	0.001999055988578361
1.075	8.00088381040456	0.0019269314336953572
1.08	8.00088381045283	0.001857408847884146
1.085	8.000883810492665	0.0017903943787989766
1.09	8.000883810525531	0.0017257975567663505
1.095	8.000883810552653	0.0016635311779160406
1.1	8.00088381057503	0.0016035111804232388
1.105	8.000883810593495	0.0015456565316043828
1.11	8.000883810608729	0.0014898891251382694
1.115	8.0008838106213	0.0014361336690214932
1.12	8.000883810694322	0.0013843175822361763
1.125	8.000883810694035	0.0013343709127856362
1.13	8.000883810693189	0.0012862262283764364
1.135	8.000883810692024	0.0012398185131167947
1.14	8.00088381069071	0.0011950851096552617
1.145	8.000883810689363	0.0011519656226931863
1.15	8.000883810688059	0.0011104018314134303
1.155	8.000883810686847	0.001070337609237275
1.16	8.000883810685755	0.0010317188632869782
1.165	8.000883810684794	0.0009944934461697933
1.17	8.000883810683963	0.0009586110940584273
1.175	8.000883810683256	0.0009240233535856463
1.18	8.000883810682664	0.0008906835203835908
1.185	8.000883810682176	0.0008585465757950683
1.19	8.000883810681781	0.0008275691225789739
1.195	8.000883810681461	0.0007977092311303934
1.2	8.000883810681213	0.0007689268843839307
1.205	8.000883810681016	0.0007411829101092617
1.21	8.000883810680865	0.0007144399447523665
1.215	8.00088381068075	0.0006886618738143135
1.22	8.000883810680666	0.0006638138888072095
1.225	8.000883810680604	0.0006398624316504144
1.23	8.000883810680564	0.0006167751594343915
1.235	8.000883810680536	0.0005945208936458059
1.24	8.00088381068052	0.0005730695814930166
1.245	8.00088381068051	0.0005523922577864436
1.25	8.000883810680508	0.0005324609916651416
1.255	8.000883810680508	0.0005132488681324742
1.26	8.00088381068051	0.0004947299424203527
1.265	8.000883810680513	0.0004768792045873371
1.27	8.00088381068052	0.0004596725473640923
1.275	8.000883810680525	0.0004430867333328534
1.28	8.000883810680532	0.0004270993612000657
1.285	8.00088381068054	0.0004116888402903305
1.29	8.000883810680547	0.00039683435812935635
1.295	8.000883810680552	0.0003825158521001626
1.3	8.000883810680556	0.00036871402536850533
1.305	8.000883810680559	0.00035541011502717394
1.31	8.000883810680563	0.0003425862750812592
1.315	8.000883810680566	0.00033022514551175636
1.32	8.00088381068057	0.0003183100308729358
1.325	8.00088381068057	0.00030682483857497164
1.33	8.00088381068057	0.000295754056535943
1.335	8.000883810680568	0.0002850827322710103
1.34	8.00088381068057	0.00027479645303599967
1.345	8.000883810680564	0.00026488132533253686
1.35	8.000883810680557	0.0002553239587157722
1.355	8.000883810680548	0.00024611144275461707
1.36	8.000883810680536	0.00023723133445384674
1.365	8.000883810680516	0.0002286716409044162
1.37	8.000883810680492	0.00022042080071189065
1.375	8.000883810680454	0.00021246766965473315
1.38	8.000883810680403	0.00020480150590851992
1.385	8.000883810680332	0.0001974119550061364
1.39	8.00088381068023	0.00019028903617427045
1.395	8.000883810680099	0.00018342312854922462
1.4	8.000883810679914	0.00017680495881022823
1.405	8.000883810679664	0.00017042558775862702
1.41	8.00088381067932	0.00016427639948205232
1.415	8.000883810678854	0.0001583490881926477
1.42	8.000883810678221	0.00015263564788641412
1.425	8.000883810677363	0.00014712836163083672
1.43	8.000883810676212	0.00014181979135847225
1.435	8.000883810674658	0.00013670276642750777
1.44	8.000883810672578	0.00013177037447484292
1.445	8.000883810669793	0.00012701595568138685
1.45	8.000883810666078	0.00012243308742548926
1.455	8.000883810661135	0.0001180155796949692
1.46	8.000883810654573	0.00011375746606629175
1.465	8.000883810645888	0.00010965299515165777
1.47	8.000883810634429	0.00010569662333360716
1.475	8.000883810619342	0.00010188300681794168
1.48	8.000883810599547	9.820699469991269e-5
1.485	8.000883810573638	9.466362206391066e-5
1.49	8.000883810539825	9.124810291710603e-5
1.495	8.00088381049583	8.795582410738667e-5
1.5	8.000883810438749	8.478233887633856e-5
1.505	8.000883810364916	8.172336100773373e-5
1.51	8.000883810269698	7.87747588240633e-5
1.515	8.00088381014728	7.593254991294842e-5
1.52	8.000883809990379	7.319289533224603e-5
1.525	8.000883809789917	7.055209474742174e-5
1.53	8.00088380953462	6.800658146273365e-5
1.535	8.000883809210569	6.555291743925626e-5
1.54	8.000883808800607	6.31877886856669e-5
1.545	8.000883808283744	6.0908000701214715e-5
1.55	8.00088380763438	5.8710474401812964e-5
1.555	8.000883806821486	5.6592241764058856e-5
1.56	8.000883805807636	5.455044184335339e-5
1.565	8.000883804547962	5.258231701342728e-5
1.57	8.000883802989016	5.068520896649833e-5
1.575	8.00088380106755	4.885655544148224e-5
1.58	8.00088381072486	4.709388680737093e-5
1.585	8.00088381073256	4.53948223712325e-5
1.59	8.000883810741197	4.3757067328428655e-5
1.595	8.00088381075077	4.217840977245121e-5
1.6	8.000883810680572	4.0656717779355794e-5
1.605	8.000883810680568	3.9189935906986276e-5
1.61	8.000883810680563	3.777608330724925e-5
1.615	8.000883810680559	3.64132504062461e-5
1.62	8.000883810680556	3.5099596655687324e-5
1.625	8.000883810680554	3.383334789134602e-5
1.63	8.000883810680548	3.261279397669674e-5
1.635	8.000883810680548	3.1436286520893235e-5
1.64	8.000883810680552	3.0302236545860697e-5
1.645	8.000883810680588	2.9209112674533662e-5
1.65	8.00088381068059	2.8155438303684035e-5
1.655	8.00088381068059	2.7139790547820866e-5
1.66	8.00088381068059	2.6160797727801144e-5
1.665	8.00088381068059	2.5217137693111232e-5
1.67	8.00088381068059	2.430753599815161e-5
1.675	8.00088381068059	2.3430764215238405e-5
1.68	8.00088381068059	2.2585638181757224e-5
1.685	8.00088381068059	2.1771017492047933e-5
1.69	8.00088381068059	2.098580002619594e-5
1.695	8.000883810680588	2.0228926415130946e-5
1.7	8.000883810680591	1.9499374435113196e-5
1.705	8.00088381068059	1.8796158887254788e-5
1.71	8.00088381068059	1.811832987901491e-5
1.715	8.000883810680591	1.74649721321936e-5
1.72	8.000883810680591	1.6835203145594714e-5
1.725	8.00088381068059	1.622817226409025e-5
1.73	8.000883810680591	1.5643060037443935e-5
1.735	8.000883810680591	1.5079076030840075e-5
1.74	8.00088381068059	1.4535458662412433e-5
1.745	8.000883810680591	1.4011473498970549e-5
1.75	8.000883810680591	1.3506413035071107e-5
1.755	8.00088381068059	1.3019595128782445e-5
1.76	8.000883810680591	1.2550362281700704e-5
1.765	8.000883810680591	1.2098080764876944e-5
1.77	8.00088381068059	1.166213976129058e-5
1.775	8.000883810680591	1.124195046524648e-5
1.78	8.000883810680591	1.0836945362267565e-5
1.785	8.000883810680591	1.0446577469544703e-5
1.79	8.000883810680591	1.007031958001633e-5
1.795	8.00088381068059	9.707663475112815e-6
1.8	8.000883810680586	9.358119374060202e-6
1.805	8.000883810680591	9.021215167219596e-6
1.81	8.000883810680591	8.696495851628272e-6
1.815	8.00088381068059	8.383522845684241e-6
1.82	8.000883810680591	8.081873436934694e-6
1.825	8.000883810680591	7.791140214035939e-6
1.83	8.000883810680591	7.510930504139184e-6
1.835	8.000883810680591	7.240865838091104e-6
1.84	8.000883810680591	6.9805814775022865e-6
1.845	8.000883810680591	6.729725861138932e-6
1.85	8.00088381068059	6.487960161990891e-6
1.855	8.00088381068059	6.254957863626146e-6
1.86	8.00088381068059	6.030404253360618e-6
1.865	8.00088381068059	5.813996038763634e-6
1.87	8.00088381068059	5.605440923234456e-6
1.875	8.00088381068059	5.404457220570052e-6
1.88	8.00088381068059	5.210773471666648e-6
1.885	8.00088381068059	5.0241280705082726e-6
1.89	8.000883810680552	4.844268920106884e-6
1.895	8.000883810680552	4.670953083729175e-6
1.9	8.00088381068055	4.50394647474509e-6
1.905	8.000883810680554	4.34302350753289e-6
1.91	8.000883810680557	4.187966834268276e-6
1.915	8.00088381068056	4.038567014915107e-6
1.92	8.000883810680563	3.894622249147199e-6
1.925	8.000883810680568	3.755938104880403e-6
1.93	8.00088381068057	3.622327259777637e-6
1.935	8.000883810680575	3.4936092446642534e-6
1.94	8.000883810680577	3.3696101831417045e-6
1.945	8.000883810680579	3.250162591796829e-6
1.95	8.00088381068058	3.1351051210847945e-6
1.955	8.000883810680584	3.0242823552635023e-6
1.96	8.000883810680584	2.9175445951046248e-6
1.965	8.000883810680586	2.814747662545462e-6
1.97	8.000883810680588	2.715752707730989e-6
1.975	8.000883810680588	2.6204259955038596e-6
1.98	8.00088381068059	2.528638755602838e-6
1.985	8.00088381068059	2.4402670058336725e-6
1.99	8.000883810680591	2.355191372631442e-6
1.995	8.00088381068059	2.2732969298507058e-6
2.0	8.000883810680591	2.194473054221194e-6
2.005	8.000883810680591	2.1186132650549094e-6
2.01	8.000883810680591	2.045615088433641e-6
2.015	8.000883810680591	1.9753799209752155e-6
2.02	8.00088381068059	1.907812879009703e-6
2.025	8.00088381068059	1.8428226906803162e-6
2.03	8.000883810680591	1.7803215649133724e-6
2.035	8.000883810680591	1.720225072513847e-6
2.04	8.000883810680586	1.6624520348810807e-6
2.045	8.00088381068059	1.6069244088247594e-6
2.05	8.000883810680591	1.5535671866261196e-6
2.055	8.000883810680588	1.5023082912493702e-6
2.06	8.000883810680588	1.453078481392232e-6
2.065	8.00088381068059	1.4058112548709823e-6
2.07	8.00088381068059	1.3604427664218104e-6
2.075	8.000883810680588	1.316911731995121e-6
2.08	8.000883810680588	1.2751593471451695e-6
2.085	8.00088381068059	1.235129212271152e-6
2.09	8.000883810680588	1.196767265944492e-6
2.095	8.00088381068059	1.1600216873849129e-6
2.1	8.000883810680588	1.12484284036317e-6
2.105	8.00088381068059	1.0911832124563993e-6
2.11	8.000883810680588	1.0589973354613343e-6
2.115	8.00088381068059	1.0282417390871862e-6
2.12	8.000883810680588	9.988748863132788e-7
2.125	8.000883810680588	9.708571077585238e-7
2.13	8.00088381068059	9.441505639023269e-7
2.135	8.00088381068059	9.187191838517448e-7
2.14	8.000883810680582	8.945286211167674e-7
2.145	8.000883810680588	8.715462036705489e-7
2.15	8.00088381068059	8.497408946268266e-7
2.155	8.000883810680588	8.29083243714904e-7
2.16	8.000883810680588	8.095453530786532e-7
2.165	8.000883810680588	7.911008378037523e-7
2.17	8.000883810680588	7.737247884965161e-7
2.175	8.00088381068059	7.573937402293972e-7
2.18	8.000883810680588	7.420856392709969e-7
2.185	8.000883810680588	7.277798143919701e-7
2.19	8.000883810680588	7.14456944362097e-7
2.195	8.000883810680588	7.020990394050316e-7
2.2	8.000883810680588	6.906894132196826e-7
2.205	8.00088381068059	6.802126589973318e-7
2.21	8.000883810680584	6.70654629645665e-7
2.215	8.00088381068059	6.620024196155252e-7
2.22	8.00088381068059	6.542443455699836e-7
2.225	8.00088381068059	6.473699321219878e-7
2.23	8.000883810680588	6.413699005805569e-7
2.235	8.00088381068059	6.362361433226514e-7
2.24	8.00088381068059	6.319617324172708e-7
2.245	8.00088381068059	6.285408973401205e-7
2.25	8.00088381068059	6.259690195341633e-7
2.255	8.000883810680588	6.242426257910995e-7
2.26	8.00088381068059	6.233593890828114e-7
2.265	8.00088381068059	6.233181077419664e-7
2.27	8.000883810680588	6.241187356410507e-7
2.275	8.00088381068059	6.257623536446397e-7
2.28	8.000883810680588	6.282511798885812e-7
2.285	8.00088381068059	6.315885751302548e-7
2.29	8.000883810680588	6.35779045803352e-7
2.295	8.00088381068059	6.408282520441674e-7
2.3	8.00088381068059	6.467430105503865e-7
2.305	8.00088381068059	6.53531305072752e-7
2.31	8.000883810680588	6.612023085070542e-7
2.315	8.00088381068059	6.697663793966498e-7
2.32	8.000883810680591	6.792350724051807e-7
2.325	8.000883810680591	6.896211799226257e-7
2.33	8.000883810680591	7.009387250199243e-7
2.335	8.000883810680591	7.132029898976624e-7
2.34	8.000883810680591	7.264305344176379e-7
2.345	8.000883810680593	7.406392160369908e-7
2.35	8.000883810680591	7.558482290430828e-7
2.355	8.000883810680591	7.720781068315925e-7
2.36	8.00088381068059	7.893507620542721e-7
2.365	8.00088381068059	8.076895235859394e-7
2.37	8.00088381068059	8.271191539807801e-7
2.375	8.00088381068059	8.476658902127314e-7
2.38	8.000883810680586	8.693574779995856e-7
2.385	8.000883810680586	8.922232091185805e-7
2.39	8.000883810680584	9.162939635333412e-7
2.395	8.000883810680584	9.416022452240167e-7
2.4	8.000883810680582	9.681822315181607e-7
2.405	8.000883810680579	9.960698198001545e-7
2.41	8.000883810680577	1.0253026704806985e-6
2.415	8.000883810680575	1.055920261506333e-6
2.42	8.000883810680572	1.0879639443006131e-6
2.425	8.000883810680566	1.1214769928509038e-6
2.43	8.000883810680564	1.156504669312634e-6
2.435	8.00088381068056	1.1930942813449366e-6
2.44	8.000883810680556	1.2312952408243245e-6
2.445	8.000883810680554	1.2711591483752763e-6
2.45	8.000883810680552	1.3127398482626087e-6
2.455	8.000883810680552	1.3560934881985309e-6
2.46	8.000883810680552	1.4012786274344353e-6
2.465	8.00088381068059	1.4483562968648554e-6
2.47	8.00088381068059	1.4973900810802144e-6
2.475	8.00088381068059	1.5484462111266317e-6
2.48	8.000883810680588	1.6015936476368627e-6
2.485	8.000883810680588	1.656904175362583e-6
2.49	8.000883810680588	1.7144525043185004e-6
2.495	8.00088381068059	1.7743163662782554e-6
2.5	8.00088381068059	1.8365765856997617e-6
2.505	8.000883810680588	1.9013173278768262e-6
2.51	8.000883810680588	1.9686260070201574e-6
2.515	8.000883810680588	2.0385935435515707e-6
2.52	8.000883810680588	2.111314442431257e-6
2.525	8.000883810680588	2.1868869336962493e-6
2.53	8.000883810680588	2.2654130996474027e-6
2.535	8.00088381068059	2.3469990090768494e-6
2.54	8.00088381068059	2.4317548661329974e-6
2.545	8.000883810680588	2.519795157832223e-6
2.55	8.000883810680586	2.6112390200910397e-6
2.555	8.000883810680588	2.7062095538532932e-6
2.56	8.000883810680588	2.8048352456780254e-6
2.565	8.000883810680588	2.9072493159022008e-6
2.57	8.000883810680588	3.013590098604607e-6
2.575	8.000883810680586	3.124001230277195e-6
2.58	8.00088381068059	3.2386315640735063e-6
2.585	8.000883810680586	3.357636506065244e-6
2.59	8.000883810680588	3.4811765174014526e-6
2.595	8.000883810680588	3.6094184754763306e-6
2.6	8.000883810680588	3.742535589396511e-6
2.605	8.00088381068059	3.880707655788088e-6
2.61	8.000883810680588	4.024121336242077e-6
2.615	8.000883810680588	4.17297031090637e-6
2.62	8.000883810680582	4.327455638465105e-6
2.625	8.000883810680588	4.487785981724063e-6
2.63	8.00088381068059	4.6541779024825936e-6
2.635	8.000883810680588	4.826856118102872e-6
2.64	8.00088381068059	5.006053878583299e-6
2.645	8.000883810680588	5.192013212418334e-6
2.65	8.00088381068059	5.384985281384023e-6
2.655	8.000883810680588	5.585230724108679e-6
2.66	8.00088381068059	5.793020002991659e-6
2.665	8.000883810680586	6.008633764881744e-6
2.67	8.000883810680588	6.232363216439309e-6
2.675	8.000883810680588	6.4645105346041784e-6
2.68	8.000883810680588	6.705389265961306e-6
2.685	8.00088381068059	6.95532472989402e-6
2.69	8.000883810680588	7.214654507430454e-6
2.695	8.000883810680588	7.483728912759942e-6
2.7	8.00088381068059	7.762911240377371e-6
2.705	8.00088381068059	8.052578595418229e-6
2.71	8.000883810680552	8.353122216177074e-6
2.715	8.000883810680552	8.664947980526982e-6
2.72	8.000883810680552	8.988477088904864e-6
2.725	8.000883810680554	9.32414652094114e-6
2.73	8.000883810680556	9.67240954801346e-6
2.735	8.00088381068056	1.0033736589130204e-5
2.74	8.000883810680564	1.0408615641926462e-5
2.745	8.000883810680568	1.0797553017245282e-5
2.75	8.000883810680572	1.1201074022798924e-5
2.755	8.000883810680575	1.161972365271067e-5
2.76	8.0008838107415	1.2054067339078637e-5
2.765	8.00088381080186	1.2504691711099065e-5
2.77	8.000883810725101	1.2972205391019451e-5
2.775	8.000883800997334	1.3457239813554569e-5
2.78	8.000883802931929	1.3960450071949685e-5
2.785	8.000883804501742	1.4482515830223992e-5
2.79	8.000883805770362	1.5024142184377111e-5
2.795	8.000883806791544	1.5586060676667703e-5
2.8	8.000883807610421	1.616903026006089e-5
2.805	8.000883808264637	1.6773838307069737e-5
2.81	8.00088380878543	1.7401301710319764e-5
2.815	8.00088380919855	1.8052267943506022e-5
2.82	8.000883809525138	1.8727616221975118e-5
2.825	8.00088380978246	1.9428258706158087e-5
2.83	8.000883809984533	2.015514169872164e-5
2.835	8.000883810142714	2.0909246991763446e-5
2.84	8.00088381026614	2.16915931593788e-5
2.845	8.000883810362152	2.250323678246746e-5
2.85	8.000883810436612	2.3345274200946187e-5
2.855	8.00088381049418	2.4218842691858938e-5
2.86	8.000883810538555	2.512512215070436e-5
2.865	8.000883810572663	2.606533663805725e-5
2.87	8.0008838105988	2.7040756071575948e-5
2.875	8.000883810618777	2.8052697901999943e-5
2.88	8.000883810633997	2.9102528939254345e-5
2.885	8.000883810645561	3.0191667107553842e-5
2.89	8.000883810654326	3.132158347448304e-5
2.895	8.000883810660948	3.249380403113441e-5
2.9	8.000883810665938	3.3709912236482824e-5
2.905	8.000883810669688	3.497155072519179e-5
2.91	8.0008838106725	3.6280423244672686e-5
2.915	8.000883810674603	3.7638297739318614e-5
2.92	8.000883810676168	3.904700816972282e-5
2.925	8.000883810677333	4.050845728159852e-5
2.93	8.000883810678198	4.202461868459092e-5
2.935	8.000883810678836	4.359754044678216e-5
2.94	8.000883810679309	4.5229346842444526e-5
2.945	8.000883810679655	4.6922241797384736e-5
2.95	8.000883810679909	4.8678511930417854e-5
2.955	8.000883810680095	5.0500528967757896e-5
2.96	8.000883810680227	5.239075383979228e-5
2.965	8.000883810680332	5.435173945267622e-5
2.97	8.000883810680405	5.638613424112899e-5
2.975	8.000883810680458	5.8496685525712975e-5
2.98	8.000883810680495	6.0686244213258e-5
2.985	8.00088381068052	6.295776718316067e-5
2.99	8.000883810680541	6.531432214553887e-5
2.995	8.000883810680554	6.77590917808134e-5
3.0	8.000883810680566	7.029537759082385e-5
3.005	8.000883810680573	7.292660470312572e-5
3.01	8.000883810680577	7.565632698953503e-5
3.015	8.000883810680582	7.848823054745798e-5
3.02	8.000883810680584	8.14261395720598e-5
3.025	8.000883810680588	8.447402167766593e-5
3.03	8.000883810680591	8.763599281718747e-5
3.035	8.000883810680593	9.091632275767223e-5
3.04	8.000883810680596	9.431944135408521e-5
3.045	8.000883810680598	9.784994394007512e-5
3.05	8.000883810680604	0.00010151259793682538
3.055	8.000883810680609	0.00010531234936948771
3.06	8.000883810680616	0.00010925432859843969
3.065	8.000883810680627	0.0001133438586865728
3.07	8.000883810680635	0.00011758646137872118
3.075	8.000883810680651	0.00012198786565403323
3.08	8.000883810680671	0.00012655401421719407
3.085	8.000883810680698	0.0001312910726738532
3.09	8.000883810680733	0.00013620543613721605
3.095	8.000883810680776	0.00014130374033838796
3.1	8.000883810680833	0.00014659286866603499
3.105	8.000883810680907	0.00015207997877820885
3.11	8.000883810681	0.0001577726631506196
3.115	8.000883810681119	0.00016367797109544094
3.12	8.00088381068127	0.0001698045277646788
3.125	8.00088381068146	0.00017616038685420887
3.13	8.0008838106817	0.00018275411229623934
3.135	8.000883810682007	0.00018959463890458455
3.14	8.000883810682385	0.0001966911844440675
3.145	8.000883810682858	0.00020405332914375163
3.15	8.000883810683446	0.00021169100666829823
3.155	8.000883810684169	0.00021961453614147608
3.16	8.00088381068506	0.00022783460910265823
3.165	8.000883810686153	0.00023636232150764724
3.17	8.00088381068748	0.00024520918438811413
3.175	8.000883810689094	0.0002543871393748742
3.18	8.00088381069104	0.0002639085743567646
3.185	8.000883810693372	0.0002737863421166158
3.19	8.000883810696156	0.0002840337739865832
3.195	8.000883810699456	0.0002946647014577003
3.2	8.000883810703343	0.00030569347294809513
3.205	8.000883810707897	0.00031713497393204515
3.21	8.000883810713182	0.00032900464534656366
3.215	8.000883810719277	0.00034131850678322206
3.22	8.000883810726235	0.00035409317668341886
3.225	8.000883810734107	0.00036734589488669013
3.23	8.000883810742922	0.0003810945458095356
3.235	8.000883810680573	0.0003953576824522325
3.24	8.00088381068057	0.00041015455220656165
3.245	8.000883810680566	0.0004255051210733232
3.25	8.000883810680563	0.0004414300766883406
3.255	8.000883810680559	0.00045795095638672957
3.26	8.000883810680557	0.00047509002746334015
3.265	8.000883810680554	0.0004928704141613518
3.27	8.00088381068055	0.0005113161051674781
3.275	8.00088381068055	0.000530451985331235
3.28	8.000883810680552	0.0005503038691611965
3.285	8.000883810680588	0.0005708985393255554
3.29	8.00088381068059	0.0005922637738450679
3.295	8.00088381068059	0.0006144283964908626
3.3	8.00088381068059	0.0006374222983268792
3.305	8.00088381068059	0.0006612764982194013
3.31	8.000883810680591	0.0006860231667336715
3.315	8.00088381068059	0.0007116956753301692
3.32	8.00088381068059	0.0007383286529889513
3.325	8.00088381068059	0.0007659580034341035
3.33	8.000883810680588	0.0007946209866666612
3.335	8.000883810680588	0.0008243562503733705
3.34	8.00088381068059	0.0008552038860463512
3.345	8.00088381068059	0.0008872054801848553
3.35	8.00088381068059	0.0009204041742786421
3.355	8.00088381068059	0.0009548447189137228
3.36	8.00088381068059	0.0009905735364986804
3.365	8.000883810680588	0.001027638782665224
3.37	8.00088381068058	0.0010660904094919597
3.375	8.00088381068059	0.0011059802321498474
3.38	8.000883810680591	0.0011473620027806684
3.385	8.00088381068059	0.0011902914756278388
3.39	8.00088381068059	0.0012348264836187766
3.395	8.000883810680588	0.0012810270260355469
3.4	8.00088381068059	0.0013289553319573652
3.405	8.00088381068059	0.0013786759514283695
3.41	8.00088381068059	0.0014302558423446294
3.415	8.00088381068059	0.001483764460503102
3.42	8.00088381068059	0.001539273848648371
3.425	8.000883810680591	0.0015968587323209802
3.43	8.00088381068059	0.0016565966424951937
3.435	8.000883810680591	0.0017185679521003296
3.44	8.00088381068059	0.0017828560694567606
3.445	8.000883810680591	0.0018495474939210644
3.45	8.00088381068059	0.0019187319456725038
3.455	8.00088381068059	0.0019905024921599984
3.46	8.00088381068059	0.0020649556543072736
3.465	8.000883810680588	0.002142191545082688
3.47	8.00088381068059	0.002222314018255283
3.475	8.000883810680591	0.002305430763530021
3.48	8.000883810680591	0.002391653612131004
3.485	8.000883810680588	0.002481098171941039
3.49	8.00088381068059	0.0025738847439285674
3.495	8.00088381068059	0.002670137866836697
3.5	8.00088381068059	0.0027699869840067267
3.505	8.00088381068059	0.0028735660549183617
3.51	8.00088381068059	0.002981014114535755
3.515	8.000883810680588	0.0030924753580196893
3.52	8.00088381068059	0.0032080993220291593
3.525	8.00088381068059	0.003328041094220379
3.53	8.000883810680552	0.0034524615211831765
3.535	8.000883810680548	0.003581527384859877
3.54	8.000883810680552	0.0037154116659003024
3.545	8.000883810680556	0.0038542938180778107
3.55	8.000883810680557	0.0039983597203540906
3.555	8.000883810680563	0.004147802248350334
3.56	8.000883810680564	0.004302821597769623
3.565	8.000883810680568	0.00446362514352517
3.57	8.000883810680573	0.0046304279370316
3.575	8.000883810680575	0.004803453034010134
3.58	8.000883810680577	0.004982931698602195
3.585	8.00088381068058	0.00516910375313736
3.59	8.000883810680584	0.005362217804998127
3.595	8.000883810680584	0.005562531672640689
3.6	8.000883810680586	0.0057703126570119775
3.605	8.000883810680586	0.005985837898675254
3.61	8.000883810680588	0.006209394724559163
3.615	8.000883810680588	0.006441281027867065
3.62	8.00088381068059	0.006681805654738795
3.625	8.00088381068059	0.006931288787945109
3.63	8.00088381068059	0.007190066671080811
3.635	8.00088381068059	0.007458470354811323
3.64	8.00088381068059	0.007736869646093845
3.645	8.00088381068059	0.008025629895495129
3.65	8.000883810680591	0.008325134389787265
3.655	8.000883810680591	0.008635780410678721
3.66	8.00088381068059	0.008957979724372714
3.665	8.000883810680591	0.009292159156954588
3.67	8.000883810680591	0.009638761049428261
3.675	8.000883810680591	0.009998243631878404
3.68	8.00088381068059	0.010371082494313281
3.685	8.000883810680591	0.010757769800886278
3.69	8.00088381068059	0.011158816028394148
3.695	8.00088381068059	0.011574749499343208
3.7	8.00088381068059	0.012006118306503805
3.705	8.000883810680588	0.01245348936290618
3.71	8.000883810680588	0.012917452424045926
3.715	8.00088381068059	0.013398616156480076
3.72	8.00088381068059	0.013897611950683637
3.725	8.00088381068059	0.014415093853153314
3.73	8.00088381068059	0.014951739469681298
3.735	8.000883810680588	0.015508250683317789
3.74	8.00088381068059	0.016085354413292487
3.745	8.000883810680588	0.016683803641678215
3.75	8.000883810680588	0.017304378251954754
3.755	8.00088381068059	0.017947885866726628
3.76	8.000883810680588	0.018615162790868667
3.765	8.000883810680588	0.019307075046865463
3.77	8.000883810680588	0.020024519361509806
3.775	8.000883810680586	0.02076842409022878
3.78	8.000883810680584	0.021539750373157186
3.785	8.00088381068059	0.022339493177961495
3.79	8.000883810680588	0.02316868237434281
3.795	8.000883810680588	0.024028384008311414
3.8	8.000883810680588	0.024919701283847535
3.805	8.000883810680588	0.025843775928130804
3.81	8.000883810680588	0.02680178932306684
3.815	8.000883810680588	0.027794963934457156
3.82	8.000883810680586	0.028824564921580708
3.825	8.000883810680588	0.02989189951515678
3.83	8.000883810680588	0.030998321469743146
3.835	8.000883810680588	0.0321452305258303
3.84	8.000883810680588	0.03333407409906884
3.845	8.00088381068059	0.03456634901354958
3.85	8.000883810680588	0.03584360282790913
3.855	8.000883810680588	0.03716743752978596
3.86	8.000883810680588	0.038539527251211465
3.865	8.000883810680588	0.03996151012739905
3.87	8.000883810680588	0.04143522606076788
3.875	8.000883810680588	0.04296247594643824
3.88	8.000883810680588	0.04454514573087532
3.885	8.00088381068059	0.04618518359827714
3.89	8.00088381068059	0.04788460179678564
3.895	8.000883810680588	0.04964547834832787
3.9	8.00088381068059	0.05146995906825832
3.905	8.000883810680588	0.053360259247830694
3.91	8.000883810680588	0.05531866563563902
3.915	8.000883810680588	0.0573475381901198
3.92	8.00088381068059	0.0594493123062192
3.925	8.00088381068059	0.06162650067693737
3.93	8.00088381068059	0.06388169469565216
3.935	8.00088381068059	0.06621756761133903
3.94	8.00088381068059	0.06863687543039643
3.945	8.000883810680591	0.07114245956430232
3.95	8.00088381068059	0.07373724881196898
3.955	8.00088381068059	0.07642426131288141
3.96	8.00088381068059	0.07920660642125413
3.965	8.00088381068059	0.08208748720645312
3.97	8.000883810680591	0.08507020215178682
3.975	8.000883810680591	0.08815814736097843
3.98	8.000883810680591	0.09135481899914492
3.985	8.000883810680591	0.09466381427017584
3.99	8.000883810680591	0.09808883437618907
3.995	8.00088381068059	0.10163368650194791
4.0	8.00088381068059	0.10530228537397554
4.005	8.00088381068059	0.10909865562265297
4.01	8.00088381068059	0.11302693346875649
4.015	8.000883810680588	0.1170913685850786
4.02	8.000883810680586	0.12129632605248744
4.025	8.000883810680588	0.12564628815838436
4.03	8.000883810680584	0.13014585627822928
4.035	8.000883810680584	0.13479975189856477
4.04	8.000883810680584	0.13961281942774745
4.045	8.000883810680579	0.1445900263850329
4.05	8.000883810680577	0.14973646601731125
4.055	8.000883810680575	0.15505735795306996
4.06	8.000883810680572	0.16055804977931798
4.065	8.00088381068057	0.16624401910831146
4.07	8.000883810680566	0.17212087077402893
4.075	8.000883810680563	0.17819434369371676
4.08	8.000883810680559	0.18447030783125043
4.085	8.000883810680557	0.19095476588836344
4.09	8.000883810680548	0.19765385357878687
4.095	8.000883810680554	0.20457384055537162
4.1	8.000883810680591	0.2117211305078773
4.105	8.000883810680593	0.2191022607332886
4.11	8.000883810680591	0.22672390378060006
4.115	8.000883810680591	0.23459286580517888
4.12	8.000883810680593	0.24271608587987065
4.125	8.000883810680591	0.25110063721181297
4.13	8.00088381068059	0.2597537247151216
4.135	8.00088381068059	0.2686826859627127
4.14	8.000883810680591	0.2778949867910389
4.145	8.000883810680591	0.2873982237260184
4.15	8.000883810680591	0.297200122916439
4.155	8.000883810680591	0.30730853354634136
4.16	8.000883810680591	0.31773143042093605
4.165	8.000883810680591	0.32847691135948104
4.17	8.00088381068059	0.33955319372382314
4.175	8.000883810680591	0.35096861134031393
4.18	8.000883810680588	0.3627316153640019
4.185	8.00088381068059	0.3748507682099419
4.19	8.000883810680582	0.3873347411097044
4.195	8.00088381068059	0.40019231225995966
4.2	8.00088381068059	0.4134323625897866
4.205	8.00088381068059	0.42706387215544656
4.21	8.00088381068059	0.441095916664624
4.215	8.00088381068059	0.4555376639688413
4.22	8.000883810680588	0.470398371177224
4.225	8.00088381068059	0.4856873785505723
4.23	8.000883810680588	0.5014141069669721
4.235	8.000883810680588	0.5175880520042937
4.24	8.000883810680588	0.5342187824310695
4.245	8.000883810680588	0.5513159336972396
4.25	8.000883810680586	0.5688892041690546
4.255	8.000883810677223	0.5869483525718456
4.26	8.000883810680588	0.6055031903519257
4.265	8.000883810680588	0.6245635799418824
4.27	8.000883810680586	0.6441394293987992
4.275	8.000883810680588	0.6642406897047608
4.28	8.000883810680586	0.684877348738755
4.285	8.000883810680586	0.706059429437389
4.29	8.000883810680588	0.7277969847733397
4.295	8.000883810680588	0.750100095342695
4.3	8.000883810680586	0.7729788653337067
4.305	8.000883810680584	0.7964434195929908
4.31	8.000883810680588	0.8205039016051335
4.315	8.000883810680586	0.8451704708177161
4.32	8.000883810680588	0.8704532993020998
4.325	8.000883810680588	0.8963625742282726
4.33	8.000883810680586	0.9229084907777118
4.335	8.000883810680588	0.9501012552476723
4.34	8.000883810680586	0.9779510865357438
4.345	8.000883810680588	1.0064682061195096
4.35	8.00088381068055	1.0356628521156124
4.355	8.000883810680548	1.0655452725299461
4.36	8.000883810680548	1.0961257284960026
4.365	8.000883810680554	1.1274144971183506
4.37	8.000883810680557	1.1594218713845044
4.375	8.00088381068056	1.1921581660324678
4.38	8.000883810680564	1.225633719975639
4.385	8.000883810680568	1.259858902821178
4.39	8.000883810680572	1.2948441173122125
4.395	8.00088381074923	1.3305998073625476
4.4	8.0008838107398	1.3671364578896739
4.405	8.000883810731311	1.4044646111390642
4.41	8.000883810723757	1.4425948646485158
4.415	8.000883810717099	1.4815378836809405
4.42	8.00088381071129	1.521304410554326
4.425	8.000883810706263	1.5619052600850118
4.43	8.000883810701948	1.603351349092895
4.435	8.000883810698266	1.6456536938886523
4.44	8.000883810695152	1.6888234114686835
4.445	8.00088381069253	1.7328717493818597
4.45	8.000883810690336	1.7778100743450225
4.455	8.00088381068851	1.823649899052714
4.46	8.000883810687	1.8704028808814688
4.465	8.000883810685755	1.9180808358196408
4.47	8.000883810684737	1.9666957564368541
4.475	8.000883810683906	2.0162598013500745
4.48	8.00088381068323	2.066785323273944
4.485	8.000883810682687	2.1182848737787174
4.49	8.000883810682247	2.1707712015673537
4.495	8.000883810681895	2.2242572784302435
4.5	8.000883810681609	2.2787562948148574
4.505	8.000883810681392	2.334281669394143
4.51	8.000883810681215	2.390847052887233
4.515	8.000883810681074	2.4484663414273604
4.52	8.000883810680964	2.5071536755906263
4.525	8.000883810680877	2.566923439050508
4.53	8.000883810680811	2.627790270925069
4.535	8.000883810680762	2.6897690644680257
4.54	8.000883810680719	2.7528749649160833
4.545	8.000883810680689	2.817123359588444
4.55	8.000883810680664	2.882529899132031
4.555	8.000883810680644	2.949110468579151
4.56	8.00088381068063	3.0168811857095723
4.565	8.00088381068062	3.0858584304423995
4.57	8.000883810680637	3.1560587755939236
4.575	8.000883810680605	3.227499005295299
4.58	8.0008838106806	3.300196117634586
4.585	8.000883810680598	3.3741673009947557
4.59	8.000883810680595	3.4494298922555617
4.595	8.000883810680593	3.5260013942112494
4.6	8.000883810680582	3.6038994475961825
4.605	8.00088381068059	3.683141777917653
4.61	8.00088381068059	3.7637462220074007
4.615	8.000883810680588	3.845730670375576
4.62	8.00088381068059	3.929113054042218
4.625	8.000883810680588	4.013911300006417
4.63	8.000883810680588	4.100143316474174
4.635	8.00088381068059	4.187826955361068
4.64	8.00088381068059	4.276979970646186
4.645	8.000883810680591	4.367619996740226
4.65	8.000883810680591	4.45976449874315
4.655	8.000883810680593	4.553430736694109
4.66	8.000883810680598	4.648635737671977
4.665	8.000883810680602	4.74539623368827
4.67	8.000883810680609	4.843728635056095
4.675	8.00088381068062	4.943648973225404
4.68	8.000883810680637	5.045172872099807
4.685	8.000883810680659	5.148315485301919
4.69	8.000883810680689	5.253091465847537
4.695	8.000883810680731	5.359514903938357
4.7	8.000883810680794	5.467599288909942
4.705	8.000883810680879	5.577357468924315
4.71	8.000883810680998	5.688801575216269
4.715	8.000883810681163	5.801943004000578
4.72	8.000883810681396	5.916792351208622
4.725	8.000883810681714	6.033359400541609
4.73	8.00088381068215	6.151652945063412
4.735	8.000883810682751	6.271680936611393
4.74	8.000883810683572	6.393450319400835
4.745	8.000883810684691	6.516966996835848
4.75	8.00088381068621	6.642235808277517
4.755	8.000883810688268	6.769260467025075
4.76	8.000883810691052	6.898043480872262
4.765	8.000883810694791	7.028586220811058
4.77	8.000883810699818	7.160888793773663
4.775	8.000883810706545	7.294950018407627
4.78	8.00088381071551	7.430767402365547
4.785	8.000883810727434	7.568337096145598
4.79	8.000883810743238	7.707654806082514
4.795	8.000883810764122	7.848711137191736
4.8	8.000883810791638	7.991500782732974
4.805	8.000883810827773	8.136013277911514
4.81	8.00088381087509	8.282237598931331
4.815	8.000883810936854	8.430161224339832
4.82	8.000883811017221	8.5797700857581
4.825	8.000883811121485	8.731048614585683
4.83	8.00088381125632	8.883979670071762
4.835	8.000883811430148	9.038544564413089
4.84	8.00088381165355	9.194723034085387
4.845	8.000883811939755	9.352493262172656
4.85	8.00088381230526	9.51183186929384
4.855	8.000883810720516	9.672713913883014
4.86	8.000883810727643	9.83511290965257
4.865	8.000883810735692	9.999000825003993
4.87	8.000883810744682	10.164348081373221
4.875	8.000883810680575	10.33114876055285
4.88	8.000883810680573	10.499295553216886
4.885	8.00088381068057	10.668828497010098
4.89	8.000883810680564	10.839686867610878
4.895	8.000883810680564	11.011835270861818
4.9	8.00088381068056	11.18523469952044
4.905	8.000883810680556	11.359845416760905
4.91	8.00088381068055	11.53562675053942
4.915	8.000883810680556	11.712536357122024
4.92	8.000883810680595	11.890530819038739
4.925	8.000883810680593	12.06956556615706
4.93	8.000883810680595	12.24959479275402
4.935	8.000883810680595	12.430571736389041
4.94	8.000883810680595	12.612448556369001
4.945	8.000883810680595	12.795176429817387
4.95	8.000883810680593	12.978705627745825
4.955	8.000883810680593	13.162985583023712
4.96	8.000883810680593	13.3479648862272
4.965	8.000883810680593	13.53359142596745
4.97	8.000883810680593	13.719812411940923
4.975	8.000883810680593	13.906574448489469
4.98	8.00088381068062	14.093823567797775
4.985	8.000883810680593	14.28150533560339
4.99	8.000883810680593	14.469564928639656
4.995	8.000883810680593	14.65794713398427
5.0	8.000883810680593	14.846596461345591
