V, MHC_k, MHC_DOS_k
-5.0	8.634818099316233	81.80402056550402
-4.995	8.634818099316231	82.00765153946692
-4.99	8.634818099316234	82.2050518403382
-4.985	8.634818099316238	82.39613143733266
-4.98	8.634818099316238	82.58079935268448
-4.975	8.634818099316238	82.75896377761886
-4.97	8.634818099316238	82.93053235528726
-4.965	8.634818099316256	83.09541208975577
-4.96	8.634818099316263	83.25351002116695
-4.955	8.634818099316272	83.40473244866813
-4.95	8.634818099316243	83.54898654257647
-4.945	8.634818099316243	83.68617462993919
-4.94	8.634818099316245	83.81621782301977
-4.935	8.634818099316242	83.93901107996899
-4.93	8.634818099316243	84.0544682726163
-4.925	8.634818099316243	84.16249998228328
-4.92	8.634818099316243	84.26301830139997
-4.915	8.634818099316243	84.35593706862623
-4.91	8.634818099316245	84.44117200853962
-4.905	8.634818099316247	84.51864165909836
-4.9	8.634818099316245	84.58826649465232
-4.895	8.634818099316245	84.64997017464054
-4.89	8.634818099316245	84.70367946441573
-4.885	8.634818099316247	84.74932457856771
-4.88	8.634818099316245	84.78683931275467
-4.875	8.634818099316247	84.81616159820113
-4.87	8.634818099316247	84.83723365370284
-4.865	8.63481809931624	84.85000207053373
-4.86	8.634818099316245	84.85441869823626
-4.855	8.634818099316247	84.85044013450317
-4.85	8.634818099316247	84.83802862663985
-4.845	8.634818099316247	84.81715200377944
-4.84	8.634818099316247	84.78778384241305
-4.835	8.634818099316249	84.74990428631463
-4.83	8.634818099315268	84.70349935711616
-4.825	8.634818099316247	84.6485621757311
-4.82	8.634818099316245	84.58509246360396
-4.815	8.634818099316249	84.51309706966263
-4.81	8.634818099316249	84.43259005839695
-4.805	8.634818099315309	84.34359261744885
-4.8	8.634818099316245	84.24613435441414
-4.795	8.634818099316245	84.14025166608472
-4.79	8.634818099316247	84.02598912423322
-4.785	8.634818099316247	83.90339963910947
-4.78	8.634818099316245	83.77254279672884
-4.775	8.634818099316245	83.63348757475721
-4.77	8.634818099316238	83.48631067673318
-4.765	8.634818099316245	83.33109681633834
-4.76	8.634818099316245	83.16793891045425
-4.755	8.634818099316245	82.99693806336445
-4.75	8.634818099316247	82.81820325408583
-4.745	8.634818099316245	82.63185176235027
-4.74	8.634818099316245	82.43800860478711
-4.735	8.634818099316243	82.23680666129526
-4.73	8.634818099316245	82.02838649546696
-4.725	8.634818099316243	81.81289627680816
-4.72	8.634818099316245	81.5904915719393
-4.715	8.634818099316243	81.3613349697897
-4.71	8.634818099316242	81.12559631174906
-4.705	8.634818099316243	80.8834519168336
-4.7	8.634818099316243	80.63508481519403
-4.695	8.634818099316243	80.38068409861043
-4.69	8.634818099316245	80.12044493009216
-4.685	8.634818099316242	79.85456801292737
-4.68	8.63481809931627	79.583259390475
-4.675	8.634818099316261	79.30673026921485
-4.67	8.634818099316252	79.02519631947483
-4.665	8.634818099316243	78.73887755539333
-4.66	8.634818099316238	78.44799786714124
-4.655	8.634818099316236	78.1527846391211
-4.65	8.634818099316234	77.85346847346334
-4.645	8.634818099316234	77.5502826587685
-4.64	8.634818099316233	77.24346277122399
-4.635	8.634818099316231	76.93324536542491
-4.63	8.634818099316233	76.61987143228887
-4.625	8.634818099316233	76.30357993017942
-4.62	8.634818099316234	75.98461236404192
-4.615	8.634818099316234	75.66320769468116
-4.61	8.634818099316236	75.33960782553963
-4.605	8.634818099350381	75.01405228966867
-4.6	8.634818099346923	74.68678003318368
-4.595	8.634818099343574	74.3580283736849
-4.59	8.634818099340393	74.0280325656445
-4.585	8.63481809933743	73.69702570034154
-4.58	8.634818099334705	73.36523771063112
-4.575	8.634818099332232	73.0328959539606
-4.57	8.634818099330003	72.70022384401416
-4.565	8.634818099328024	72.36744072572267
-4.56	8.634818099326276	72.03476175880041
-4.555	8.634818099324747	71.70239750486547
-4.55	8.634818099323422	71.37055324043656
-4.545	8.63481809932227	71.03942876876181
-4.54	8.634818099321285	70.70921875716633
-4.535	8.63481809932044	70.38011119446143
-4.53	8.634818099319725	70.05228796440215
-4.525	8.634818099319121	69.72592410613417
-4.52	8.634818099318613	69.40118847430004
-4.515	8.634818099318187	69.07824190762828
-4.51	8.634818099317831	68.75723825367974
-4.505	8.634818099317538	68.43832369387393
-4.5	8.634818099317293	68.12163658002409
-4.495	8.634818099317092	67.80730721119181
-4.49	8.63481809931693	67.49545775283188
-4.485	8.634818099316796	67.18620196747729
-4.48	8.634818099316687	66.8796451847635
-4.475	8.634818099316599	66.57588416720847
-4.47	8.63481809931653	66.27500684195677
-4.465	8.63481809931647	65.9770923581224
-4.46	8.634818099316421	65.68221101065505
-4.455	8.634818099316382	65.39042418715643
-4.45	8.634818099316366	65.10178427195409
-4.445	8.634818099316348	64.81633399561593
-4.44	8.634818099316334	64.53410908568291
-4.435	8.634818099316327	64.25513414931252
-4.43	8.63481809931633	63.979425912333014
-4.425	8.634818099316336	63.70699179247686
-4.42	8.634818099316348	63.43782959311727
-4.415	8.634818099316371	63.17192969845791
-4.41	8.634818099316405	62.9092730084695
-4.405	8.634818099316456	62.64983187570265
-4.4	8.634818099316526	62.393570289834614
-4.395	8.63481809931662	62.14044361397071
-4.39	8.634818099316748	61.89039906096384
-4.385	8.63481809931692	61.64337567002476
-4.38	8.634818099317153	61.39930448229151
-4.375	8.634818099317464	61.15810885970937
-4.37	8.63481809931788	60.91970449685137
-4.365	8.63481809931843	60.68399960952712
-4.36	8.634818099319155	60.45089525298209
-4.355	8.634818099320123	60.220285496830954
-4.35	8.634818099321404	59.9920576541359
-4.345	8.634818099323084	59.76609236211127
-4.34	8.634818099325287	59.542264205503756
-4.335	8.634818099328166	59.3204414861614
-4.33	8.63481809933193	59.100486928473195
-4.325	8.634818099336833	58.882257461135
-4.32	8.634818099343198	58.66560504371983
-4.315	8.634818099351447	58.45037669987099
-4.31	8.634818099362109	58.236414412725836
-4.305	8.63481809937585	58.02355614566868
-4.3	8.63481809939352	57.81163577830545
-4.295	8.634818099416181	57.600483268770134
-4.29	8.634818099445166	57.38992547956937
-4.285	8.63481809948215	57.17978557530288
-4.28	8.634818099529207	56.96988424942753
-4.275	8.634818099588935	56.7600399539507
-4.27	8.634818099664539	56.550068753179275
-4.265	8.634818099759988	56.3397850035005
-4.26	8.63481809988017	56.12900161754163
-4.255	8.63481810003109	55.917530396042295
-4.25	8.634818100220098	55.70518242414328
-4.245	8.6348180993306	55.4917686462013
-4.24	8.634818099332895	55.27709917984079
-4.235	8.63481809933544	55.06098612661484
-4.23	8.634818099338235	54.84323939239895
-4.225	8.634818099341258	54.623672573104365
-4.22	8.63481809934449	54.40209978930637
-4.215	8.63481809934788	54.17833685878117
-4.21	8.634818099351351	53.952201595690184
-4.205	8.634818099316234	53.72351467648765
-4.2	8.634818099316234	53.4920986948734
-4.195	8.634818099316234	53.257781185139024
-4.19	8.634818099316234	53.020391465754784
-4.185	8.634818099316233	52.77976339601271
-4.18	8.634818099316233	52.5357351191205
-4.175	8.634818099316234	52.28814904015494
-4.17	8.634818099316236	52.036852696869
-4.165	8.634818099316236	51.781698799407216
-4.16	8.634818099316242	51.52254559803877
-4.155	8.634818099316245	51.25926311434269
-4.15	8.634818099316243	50.99170931386404
-4.145	8.634818099316252	50.71976722810407
-4.14	8.634818099316263	50.443315424317824
-4.135	8.634818099316274	50.16225456479097
-4.13	8.634818099316245	49.876477128232054
-4.125	8.634818099316243	49.58588852760682
-4.12	8.634818099316243	49.29040181730678
-4.115	8.634818099316243	48.989938253363974
-4.11	8.634818099316243	48.68442723918764
-4.105	8.634818099316242	48.37380679985827
-4.1	8.634818099316243	48.05802353620186
-4.095	8.634818099316243	47.7370328886407
-4.09	8.634818099316243	47.410799394528404
-4.085	8.634818099316243	47.0792968032704
-4.08	8.634818099316243	46.74250798978697
-4.075	8.634818099316245	46.400425436917004
-4.07	8.634818099316243	46.05305111642154
-4.065	8.634818099316245	45.70039657591906
-4.06	8.634818099316242	45.34248311909016
-4.055	8.634818099316243	44.979341731317334
-4.05	8.634818099316249	44.61101307713354
-4.045	8.634818099316243	44.23754778265504
-4.04	8.634818099316242	43.859006024518294
-4.035	8.634818099316242	43.47545788657285
-4.03	8.634818099316242	43.086982988475505
-4.025	8.634818099316243	42.693670664036475
-4.02	8.634818099316243	42.29561971424278
-4.015	8.634818099316243	41.89293823278535
-4.01	8.634818099315243	41.485744256251614
-4.005	8.634818099316243	41.07416378969346
-4.0	8.634818099316242	40.65833276583992
-3.995	8.634818099316242	40.23839554694313
-3.99	8.634818099316243	39.81450529893721
-3.985	8.634818099315327	39.3868232822142
-3.98	8.634818099316243	38.9555189945045
-3.975	8.634818099316245	38.520769822426615
-3.97	8.634818099316245	38.082760687135
-3.965	8.634818099316242	37.64168537560994
-3.96	8.634818099316242	37.197740065620835
-3.955	8.634818099316243	36.75113238511654
-3.95	8.634818099316245	36.302074316903024
-3.945	8.634818099316249	35.85078428002855
-3.94	8.634818099316243	35.39748608323703
-3.935	8.634818099316243	34.94240889162695
-3.93	8.634818099316245	34.485786716768395
-3.925	8.634818099316245	34.02785812807257
-3.92	8.634818099316243	33.568865708199915
-3.915	8.634818099316243	33.10905576409396
-3.91	8.634818099316245	32.64867785204298
-3.905	8.634818099316245	32.187984465210924
-3.9	8.634818099316243	31.727230457368176
-3.895	8.634818099316242	31.26667279733726
-3.89	8.634818099316242	30.806570070406664
-3.885	8.634818099316243	30.347181789470966
-3.88	8.634818099316243	29.88876868611464
-3.875	8.634818099316242	29.43159146712737
-3.87	8.634818099316245	28.97591098640353
-3.865	8.63481809931628	28.52198748465656
-3.86	8.63481809931627	28.070080406424548
-3.855	8.634818099316261	27.620447961371212
-3.85	8.634818099316243	27.17334672607976
-3.845	8.634818099316249	26.72903109090713
-3.84	8.634818099316245	26.287752451492526
-3.835	8.634818099316242	25.849761576787756
-3.83	8.634818099316238	25.41530401010519
-3.825	8.634818099316236	24.98462262598895
-3.82	8.634818099316236	24.55795790238589
-3.815	8.634818099316236	24.13554217143446
-3.81	8.634818099316234	23.71760741312877
-3.805	8.634818099316238	23.304379678600398
-3.8	8.634818099316236	22.89608018466249
-3.795	8.634818099316238	22.492924983174245
-3.79	8.63481809931624	22.095124806561362
-3.785	8.634818099316238	21.702884864736937
-3.78	8.63481809931624	21.316404589482538
-3.775	8.634818099316242	20.935877487525904
-3.77	8.634818099316242	20.561490995967088
-3.765	8.634818099316243	20.19342632968807
-3.76	8.634818099316243	19.831858346667545
-3.755	8.634818099316243	19.47695540024117
-3.75	8.634818099316243	19.12887943068856
-3.745	8.634818099316245	18.787785483884903
-3.74	8.634818099316245	18.45382230339708
-3.735	8.634818099316243	18.127131617601158
-3.73	8.634818099316245	17.80784841624226
-3.725	8.634818099316245	17.496100924990824
-3.72	8.634818099316245	17.192010588614117
-3.715	8.634818099316245	16.895692067520624
-3.71	8.634818099316243	16.607253254253365
-3.705	8.634818099316245	16.326795322083974
-3.7	8.634818099316243	16.054412718971147
-3.695	8.634818099316245	15.790193345883738
-3.69	8.634818099316247	15.534218491781852
-3.685	8.634818099316245	15.286562860092825
-3.68	8.634818099316245	15.047294893504654
-3.675	8.634818099316245	14.816476601088679
-3.67	8.634818099316245	14.594163728391463
-3.665	8.634818099316247	14.380406052701598
-3.66	8.634818099316243	14.175247123116437
-3.655	8.634818099316245	13.978724690652767
-3.65	8.634818099316243	13.79087059613202
-3.645	8.634818099316243	13.611711033000972
-3.64	8.634818099316245	13.441266570547747
-3.635	8.634818099316245	13.279552397010574
-3.63	8.634818099316247	13.126578093860312
-3.625	8.634818099316245	12.98234823502846
-3.62	8.634818099316245	12.846862179094892
-3.615	8.634818099316245	12.720114271665052
-3.61	8.634818099316245	12.6020939399676
-3.605	8.634818099316247	12.492785816985075
-3.6	8.634818099316243	12.392169654890447
-3.595	8.634818099316247	12.300221158190098
-3.59	8.634818099316245	12.216910947625411
-3.585	8.634818099316245	12.142205417917173
-3.58	8.634818099316245	12.076066689515093
-3.575	8.634818099316243	12.018452625245436
-3.57	8.634818099316243	11.969316916387205
-3.565	8.634818099316245	11.928609149854845
-3.56	8.634818099316247	11.896274917855472
-3.555	8.634818099316245	11.872253814479258
-3.55	8.634818099316245	11.856489628065438
-3.545	8.634818099316245	11.848910149997279
-3.54	8.634818099316242	11.849447445074519
-3.535	8.634818099316249	11.858027802984054
-3.53	8.634818099316243	11.874573778094277
-3.525	8.634818099316243	11.899004159922432
-3.52	8.634818099316247	11.931234120633953
-3.515	8.634818099316245	11.97117580005068
-3.51	8.634818099316243	12.018735684597594
-3.505	8.634818099316245	12.073818627215198
-3.5	8.634818099316245	12.136325175618042
-3.495	8.634818099316245	12.206152218807397
-3.49	8.634818099316245	12.283192933721187
-3.485	8.634818099316245	12.367337242438373
-3.48	8.634818099316245	12.458470830998323
-3.475	8.634818099316245	12.556476107370504
-3.47	8.634818099316245	12.661231713490183
-3.465	8.634818099316245	12.772612607542314
-3.46	8.634818099316242	12.890490074859791
-3.455	8.634818099316243	13.014731662136874
-3.45	8.634818099316245	13.14520129418936
-3.445	8.634818099316243	13.28175881458168
-3.44	8.634818099316242	13.424261023602122
-3.435	8.634818099316238	13.57255959154611
-3.43	8.634818099316242	13.726533945315088
-3.425	8.634818099316242	13.885940290073249
-3.42	8.634818099316242	14.050708248774605
-3.415	8.634818099316242	14.220645887510537
-3.41	8.63481809931624	14.395586940703428
-3.405	8.63481809931624	14.575361388525431
-3.4	8.63481809931624	14.759795409931852
-3.395	8.63481809931624	14.948711538644979
-3.39	8.634818099316238	15.141928600510418
-3.385	8.634818099316238	15.339261500613903
-3.38	8.634818099316238	15.540521808116448
-3.375	8.634818099316236	15.745517356615478
-3.37	8.634818099316234	15.954052442607917
-3.365	8.634818099316236	16.165925161196235
-3.36	8.634818099316234	16.38094120958176
-3.355	8.634818099316236	16.598885994717225
-3.35	8.634818099316236	16.81955316641281
-3.345	8.634818099316242	17.042730233168818
-3.34	8.634818099316242	17.268201605794278
-3.335	8.634818099316245	17.49574870377437
-3.33	8.634818099316245	17.725150046342332
-3.325	8.63481809931626	17.956181375203784
-3.32	8.634818099316265	18.188615828682536
-3.315	8.634818099316275	18.422224063948555
-3.31	8.634818099316243	18.656774254323604
-3.305	8.634818099316245	18.892032533373122
-3.3	8.634818099316243	19.127762961010923
-3.295	8.634818099316245	19.36372770363132
-3.29	8.634818099316245	19.599687245232765
-3.285	8.634818099316245	19.83540064741265
-3.28	8.634818099316243	20.070625674077082
-3.275	8.634818099316245	20.30511895064619
-3.27	8.634818099316245	20.538636305881177
-3.265	8.634818099316243	20.770932869061568
-3.26	8.634818099316243	21.001763398949535
-3.255	8.634818099316243	21.230882449854263
-3.25	8.634818099316245	21.45804467966389
-3.245	8.634818099316245	21.68300501245821
-3.24	8.634818099316245	21.905518986568676
-3.235	8.634818099316245	22.125342948048296
-3.23	8.634818099316245	22.342234350833376
-3.225	8.63481809931624	22.555952061382147
-3.22	8.634818099316245	22.766256549082982
-3.215	8.634818099316245	22.972910236072142
-3.21	8.634818099316243	23.175677778925337
-3.205	8.634818099316245	23.374326331276624
-3.2	8.634818099316243	23.568625802495657
-3.195	8.634818099315442	23.758349194038892
-3.19	8.634818099315224	23.94327296986673
-3.185	8.634818099316245	24.123177262130284
-3.18	8.634818099316243	24.297846105417477
-3.175	8.634818099316243	24.46706783035708
-3.17	8.634818099315122	24.630635391890433
-3.165	8.634818099315348	24.78834644148518
-3.16	8.634818099316245	24.940003929403172
-3.155	8.634818099316245	25.085416285164097
-3.15	8.634818099316242	25.224397384380428
-3.145	8.634818099316243	25.35676740013945
-3.14	8.634818099316245	25.482352647471423
-3.135	8.634818099316245	25.600986010515502
-3.13	8.634818099316243	25.712507225979753
-3.125	8.634818099316245	25.81676304445432
-3.12	8.634818099316243	25.913607545353337
-3.115	8.634818099316243	26.00290242468745
-3.11	8.634818099316245	26.084517107698144
-3.105	8.634818099316245	26.158329080796495
-3.1	8.634818099316243	26.224224102581143
-3.095	8.634818099316245	26.282096295571417
-3.09	8.634818099316245	26.331848535707397
-3.085	8.634818099316243	26.373392399677687
-3.08	8.634818099316245	26.4066485270692
-3.075	8.634818099316245	26.431546645514736
-3.07	8.634818099316245	26.44802577522592
-3.065	8.634818099316245	26.456034361590074
-3.06	8.634818099316245	26.455530376087008
-3.055	8.634818099316245	26.44648133308536
-3.05	8.634818099316249	26.428864573233103
-3.045	8.63481809931628	26.40266704367081
-3.04	8.634818099316272	26.367885592404786
-3.035	8.634818099316263	26.324526910797864
-3.03	8.634818099316245	26.272607507460265
-3.025	8.634818099316242	26.21215371846947
-3.02	8.634818099316245	26.1432017364208
-3.015	8.63481809931624	26.065797546136178
-3.01	8.634818099316238	25.979996792954886
-3.005	8.63481809931624	25.885864844707907
-3.0	8.634818099316236	25.78347655653426
-2.995	8.634818099316236	25.67291619507999
-2.99	8.634818099316236	25.554277405209127
-2.985	8.634818099316236	25.427662854194292
-2.98	8.634818099316236	25.29318436728312
-2.975	8.634818099316238	25.150962435068607
-2.97	8.634818099316236	25.00112613732597
-2.965	8.634818099349733	24.84381292281273
-2.96	8.634818099346287	24.67916841768403
-2.955	8.634818099342967	24.50734607453103
-2.95	8.634818099339824	24.328507049248756
-2.945	8.634818099336904	24.14281953422449
-2.94	8.634818099334225	23.950458947556537
-2.935	8.634818099331797	23.7516075324489
-2.93	8.634818099329623	23.546453698930204
-2.925	8.634818100126784	23.335191932017082
-2.92	8.63481809995653	23.1180224682851
-2.915	8.634818099820754	22.895150811511822
-2.91	8.634818099712767	22.666787483967127
-2.905	8.634818099627111	22.433147556670065
-2.9	8.634818099559347	22.194450307818954
-2.895	8.63481809950588	21.95091880507547
-2.89	8.634818099463802	21.702778944790627
-2.885	8.63481809943078	21.450261332888914
-2.88	8.634818099404923	21.19359753977706
-2.875	8.634818099384738	20.933022667949395
-2.87	8.634818099369015	20.668771249078997
-2.865	8.634818099356801	20.401081517636015
-2.86	8.634818099347338	20.130191860014758
-2.855	8.634818099340023	19.856341276510832
-2.85	8.634818099334385	19.579768997356865
-2.845	8.634818099330053	19.300713924304947
-2.84	8.634818099326726	19.01941438570723
-2.835	8.634818099324182	18.736107693062372
-2.83	8.63481809932224	18.45102982372259
-2.825	8.634818099320764	18.164414938989474
-2.82	8.634818099319647	17.876495153542017
-2.815	8.63481809931879	17.587500086322265
-2.81	8.63481809931815	17.297656558329304
-2.805	8.634818099317666	17.007188317192863
-2.8	8.634818099317306	16.71631561181268
-2.795	8.634818099317034	16.42525502377752
-2.79	8.634818099316828	16.13421904756305
-2.785	8.634818099316679	15.843415922638336
-2.78	8.634818099316565	15.553049323902652
-2.775	8.634818099316485	15.263318148461998
-2.77	8.634818099316426	14.974416233301895
-2.765	8.634818099316384	14.68653225154942
-2.76	8.634818099316353	14.399849328081112
-2.755	8.634818099316336	14.114545184423276
-2.75	8.634818099316327	13.830791638781871
-2.745	8.634818099316323	13.548754580742685
-2.74	8.634818099316325	13.268593935969571
-2.735	8.634818099316337	12.99046345246351
-2.73	8.634818099316352	12.71451066078712
-2.725	8.634818099316373	12.440876741894332
-2.72	8.634818099316405	12.169696493445798
-2.715	8.634818099316451	11.901098300466916
-2.71	8.634818099316494	11.635203938942922
-2.705	8.634818099316558	11.37212915674
-2.7	8.634818099316636	11.111982755845819
-2.695	8.634818099316732	10.854867243164064
-2.69	8.634818099316853	10.600878697865367
-2.685	8.634818099317	10.350106760536601
-2.68	8.634818099317181	10.102634791000659
-2.675	8.6348180993174	9.858539824493395
-2.67	8.634818099317666	9.61789271760056
-2.665	8.634818099317986	9.380758216953707
-2.66	8.634818099318377	9.147195021614062
-2.655	8.63481809931884	8.917255509454925
-2.65	8.634818099319391	8.690987560811974
-2.645	8.634818099320047	8.468432138055103
-2.64	8.63481809932082	8.249625067414861
-2.635	8.634818099321727	8.034597526742445
-2.63	8.634818099322791	7.823373353724465
-2.625	8.63481809932402	7.615973264957866
-2.62	8.634818099325443	7.412412511510391
-2.615	8.634818099327072	7.2127014590515435
-2.61	8.634818099328925	7.016844612146558
-2.605	8.634818099331016	6.8248457719985
-2.6	8.634818099333355	6.636700865353142
-2.595	8.634818099335947	6.4524028973853165
-2.59	8.634818099338785	6.271940945418855
-2.585	8.634818099341853	6.095300339594711
-2.58	8.634818099345118	5.922462865011571
-2.575	8.634818099348527	5.75340688569862
-2.57	8.63481809931624	5.588107581401736
-2.565	8.634818099316238	5.426537059455622
-2.56	8.634818099316236	5.268664585826069
-2.555	8.634818099316236	5.114456707315498
-2.55	8.634818099316236	4.963877449250482
-2.545	8.634818099316238	4.816888474892678
-2.54	8.634818099316238	4.673449245041063
-2.535	8.634818099316236	4.533517172911236
-2.53	8.63481809931624	4.397047810430444
-2.525	8.63481809931624	4.263994941306051
-2.52	8.634818099316242	4.134310792903356
-2.515	8.634818099316247	4.007946144553515
-2.51	8.634818099316245	3.884850481934985
-2.505	8.63481809931626	3.7649721248505568
-2.5	8.634818099316266	3.6482583638989707
-2.495	8.634818099316277	3.5346555843154523
-2.49	8.634818099316247	3.4241093997622145
-2.485	8.634818099316245	3.316564747183472
-2.48	8.634818099316247	3.2119660159895393
-2.475	8.634818099316247	3.1102571490080058
-2.47	8.634818099316247	3.0113817633463276
-2.465	8.634818099316243	2.9152832044520314
-2.46	8.634818099316245	2.8219046868219024
-2.455	8.634818099316245	2.7311893771872615
-2.45	8.634818099316245	2.6430804292956576
-2.445	8.634818099316245	2.5575211351792984
-2.44	8.634818099316245	2.474454946377023
-2.435	8.634818099316247	2.3938255610071058
-2.43	8.634818099316243	2.3155769997471363
-2.425	8.634818099316243	2.239653650315267
-2.42	8.634818099316243	2.166000333710147
-2.415	8.634818099316243	2.0945623573030008
-2.41	8.634818099316243	2.0252855630085866
-2.405	8.634818099316243	1.9581163675353797
-2.4	8.634818099316245	1.8930018273301017
-2.395	8.634818099316243	1.8298896446040114
-2.39	8.634818099316245	1.7687282156542263
-2.385	8.634818099316243	1.7094666727156143
-2.38	8.634818099316243	1.6520548992326682
-2.375	8.634818099315423	1.5964435593488875
-2.37	8.6348180993152	1.5425841205882065
-2.365	8.634818099316243	1.4904288737723954
-2.36	8.634818099316243	1.4399309506402493
-2.355	8.634818099316245	1.3910443356415176
-2.35	8.634818099315142	1.3437238857761358
-2.345	8.63481809931537	1.2979253271490954
-2.34	8.634818099316245	1.2536052741909933
-2.335	8.634818099316245	1.2107212296480863
-2.33	8.634818099316245	1.1692315932892772
-2.325	8.634818099316245	1.1290956592362502
-2.32	8.634818099316245	1.0902736185922253
-2.315	8.634818099316243	1.0527265575461429
-2.31	8.634818099316242	1.0164164569163259
-2.305	8.634818099316247	0.9813061870591797
-2.3	8.634818099316243	0.9473595010658864
-2.295	8.634818099316243	0.9145410306551354
-2.29	8.634818099316243	0.8828162794136244
-2.285	8.634818099316243	0.85215160307946
-2.28	8.634818099316243	0.8225142365193949
-2.275	8.634818099316245	0.793872235249724
-2.27	8.634818099316245	0.7661944928330858
-2.265	8.634818099316245	0.7394507257043675
-2.26	8.634818099316245	0.7136114604416688
-2.255	8.634818099316243	0.6886480210882504
-2.25	8.634818099316243	0.6645325123090506
-2.245	8.634818099316243	0.6412378141274206
-2.24	8.634818099316245	0.6187375622176223
-2.235	8.634818099316245	0.597006135166015
-2.23	8.634818099316245	0.5760186431347193
-2.225	8.634818099316275	0.5557509081713985
-2.22	8.634818099316268	0.5361794542864002
-2.215	8.634818099316263	0.5172814921576525
-2.21	8.634818099316243	0.4990349002861094
-2.205	8.634818099316245	0.4814182168993747
-2.2	8.634818099316242	0.46441061968046643
-2.195	8.63481809931624	0.44799191312233877
-2.19	8.634818099316238	0.4321425145951326
-2.185	8.634818099316234	0.416843437403389
-2.18	8.634818099316234	0.4020762783660799
-2.175	8.634818099316236	0.387823198202123
-2.17	8.634818099316238	0.374066921414106
-2.165	8.634818099316234	0.3607907034366883
-2.16	8.634818099316234	0.3479783268757454
-2.155	8.634818099316236	0.335614086664778
-2.15	8.634818099316238	0.3236827761280995
-2.145	8.634818099316234	0.3121696700105993
-2.14	8.634818099316238	0.3010605212285762
-2.135	8.634818099316242	0.290341533807984
-2.13	8.634818099316238	0.27999935938559856
-2.125	8.634818099316238	0.2700210827639294
-2.12	8.634818099316242	0.26039420710880923
-2.115	8.634818099316242	0.2511066454499691
-2.11	8.634818099316242	0.24214670629856394
-2.105	8.63481809931624	0.23350308298251105
-2.1	8.634818099316243	0.22516484181274393
-2.095	8.634818099316243	0.2171214108311337
-2.09	8.634818099316243	0.20936256966034122
-2.085	8.634818099316245	0.20187843794757812
-2.08	8.634818099316243	0.19465946552768065
-2.075	8.634818099316245	0.18769642178599838
-2.07	8.634818099316245	0.18098038765524957
-2.065	8.634818099316245	0.17450274226872153
-2.06	8.634818099316245	0.16825515715839282
-2.055	8.634818099316243	0.16222958555962388
-2.05	8.634818099316243	0.15641825309864285
-2.045	8.634818099316245	0.15081365031961963
-2.04	8.634818099316245	0.1454085232669258
-2.035	8.634818099316245	0.14019586543633822
-2.03	8.634818099316245	0.1351689104705602
-2.025	8.634818099316245	0.1303211234387367
-2.02	8.634818099316245	0.12564619374553596
-2.015	8.634818099316245	0.12113802828982127
-2.01	8.634818099316245	0.11679074314020133
-2.005	8.634818099316245	0.11259865843761228
-2.0	8.634818099316243	0.10855628987565095
-1.995	8.634818099316245	0.10465834317160046
-1.99	8.634818099316245	0.10089970775479522
-1.985	8.634818099316245	0.09727545011597671
-1.98	8.634818099316247	0.09378080884546358
-1.975	8.634818099316245	0.09041118776180476
-1.97	8.634818099316245	0.0871621511169627
-1.965	8.634818099316247	0.08402941788649389
-1.96	8.634818099316245	0.08100885691871183
-1.955	8.634818099316245	0.0780964811477731
-1.95	8.634818099316247	0.07528844341863479
-1.945	8.634818099316243	0.07258103132755642
-1.94	8.634818099316245	0.06997066489144789
-1.935	8.634818099316245	0.06745388206196704
-1.93	8.634818099316247	0.06502735382666135
-1.925	8.634818099316247	0.06268786104019719
-1.92	8.634818099316245	0.060432299725302105
-1.915	8.634818099316245	0.05825767534062596
-1.91	8.634818099316245	0.056161099048895775
-1.905	8.634818099316245	0.05413978400478335
-1.9	8.634818099316243	0.0521910416381222
-1.895	8.63481809931625	0.05031227913366263
-1.89	8.634818099316247	0.048500994894908084
-1.885	8.634818099316245	0.046754776022990614
-1.88	8.634818099316245	0.04507129520232474
-1.875	8.634818099316247	0.043448307631287375
-1.87	8.634818099316247	0.04188364826201717
-1.865	8.634818099316245	0.040375228848568916
-1.86	8.634818099316245	0.03892103538325913
-1.855	8.634818099316247	0.03751912530895005
-1.85	8.634818099316247	0.03616762551331295
-1.845	8.634818099316245	0.034864729313076825
-1.84	8.634818099316247	0.033608694253561985
-1.835	8.634818099316247	0.03239784012390159
-1.83	8.634818099316245	0.031230546602267987
-1.825	8.634818099316245	0.03010525101736205
-1.82	8.634818099316247	0.029020446576175796
-1.815	8.634818099316245	0.02797468019654086
-1.81	8.634818099316242	0.026966550647535805
-1.805	8.634818099316245	0.025994706804085353
-1.8	8.634818099316243	0.025057845693670994
-1.795	8.634818099316242	0.024154711076233015
-1.79	8.634818099316243	0.02328409153538839
-1.785	8.634818099316243	0.02244481883741347
-1.78	8.634818099316242	0.02163576676893154
-1.775	8.634818099316242	0.020855849438013815
-1.77	8.634818099316242	0.020104019604676043
-1.765	8.63481809931624	0.01937926769418583
-1.76	8.634818099316242	0.018680620176574465
-1.755	8.634818099316238	0.01800713848549986
-1.75	8.634818099316236	0.017357917683690632
-1.745	8.634818099316236	0.01673208517113888
-1.74	8.634818099316236	0.01612879978067091
-1.735	8.634818099316236	0.01554725038539243
-1.73	8.634818099316236	0.014986662236438795
-1.725	8.634818099316234	0.014446259684965565
-1.72	8.634818099316236	0.013925337542197547
-1.715	8.634818099316236	0.013423187783407807
-1.71	8.634818099316238	0.012939134704434271
-1.705	8.63481809931624	0.012472527060752935
-1.7	8.634818099316242	0.012022736643002952
-1.695	8.634818099316243	0.011589158168596451
-1.69	8.634818099316245	0.011171207877797174
-1.685	8.634818099316258	0.010768323044476487
-1.68	8.634818099316266	0.01037996116324618
-1.675	8.634818099316277	0.010005599209166712
-1.67	8.634818099316243	0.009644732972658065
-1.665	8.634818099316245	0.009296876341309204
-1.66	8.634818099316243	0.008961560742895827
-1.655	8.634818099316245	0.008638334398034521
-1.65	8.634818099316243	0.00832676178200905
-1.645	8.634818099316243	0.008026423057121333
-1.64	8.634818099316243	0.0077369134496644175
-1.635	8.634818099316243	0.007457842782825767
-1.63	8.634818099316245	0.007188834907234618
-1.625	8.634818099316243	0.006929527209087107
-1.62	8.634818099316243	0.00667957012734775
-1.615	8.634818099316242	0.0064386266740679874
-1.61	8.634818099316243	0.006206371996893353
-1.605	8.634818099316243	0.005982492948058545
-1.6	8.634818099316243	0.0057666876204544555
-1.595	8.634818099316243	0.005558665015201325
-1.59	8.634818099316243	0.005358144592227907
-1.585	8.634818099316242	0.005164855914918928
-1.58	8.634818099316243	0.004978538301270071
-1.575	8.634818099316243	0.004798940441151013
-1.57	8.634818099316242	0.004625820078113124
-1.565	8.63481809931624	0.004458943679565499
-1.56	8.634818099316243	0.0042980861406737075
-1.555	8.634818099315401	0.004143030457560506
-1.55	8.634818099315178	0.003993567418170249
-1.545	8.634818099316243	0.0038494954149287494
-1.54	8.634818099316243	0.0037106200495381648
-1.535	8.634818099316243	0.0035767539418528416
-1.53	8.634818099315162	0.003447716465446415
-1.525	8.634818099315389	0.003323333497505193
-1.52	8.634818099316243	0.0032034372013229106
-1.515	8.634818099316242	0.0030878658038859903
-1.51	8.634818099316243	0.0029764632840271563
-1.505	8.634818099316243	0.0028690793745390635
-1.5	8.634818099316242	0.0027655691018820382
-1.495	8.634818099316243	0.002665792785559897
-1.49	8.634818099316242	0.002569615760919518
-1.485	8.634818099316247	0.002476908224869385
-1.48	8.634818099316242	0.002387545039363835
-1.475	8.634818099316242	0.0023014055874222873
-1.47	8.634818099316243	0.002218373603020474
-1.465	8.63481809931624	0.0021383370092148517
-1.46	8.63481809931624	0.0020611877676206154
-1.455	8.634818099316243	0.001986821730660805
-1.45	8.63481809931624	0.001915138513797202
-1.445	8.634818099316242	0.0018460413507532573
-1.44	8.63481809931624	0.0017794369607166338
-1.435	8.63481809931624	0.0017152354305110479
-1.43	8.63481809931624	0.001653350087070565
-1.425	8.634818099316236	0.001593697380065352
-1.42	8.634818099316236	0.0015361967761264527
-1.415	8.634818099316234	0.0014807706439507566
-1.41	8.634818099316231	0.0014273441519954317
-1.405	8.634818099316261	0.0013758451647721604
-1.4	8.634818099316249	0.0013262041565075319
-1.395	8.634818099316238	0.0012783541075720034
-1.39	8.634818099316215	0.0012322303980167424
-1.385	8.634818099316206	0.0011877707567218342
-1.38	8.634818099316202	0.001144915159374319
-1.375	8.63481809931619	0.0011036057333142506
-1.37	8.634818099316178	0.0010637867018679604
-1.365	8.634818099316162	0.001025404301883164
-1.36	8.634818099316147	0.0009884067047386382
-1.355	8.634818099316128	0.0009527439538819216
-1.35	8.634818099316107	0.0009183678927729075
-1.345	8.634818099316078	0.0008852321023937386
-1.34	8.634818099316046	0.0008532918394249172
-1.335	8.634818099316007	0.0008225039722349468
-1.33	8.634818099315956	0.0007928269289578936
-1.325	8.634818099348738	0.0007642206348277269
-1.32	8.634818099345239	0.0007366464594656469
-1.315	8.634818099341858	0.0007100671666054772
-1.31	8.634818099338652	0.0006844468637765032
-1.305	8.634818099335648	0.0006597509548426923
-1.3	8.63481809933286	0.0006359460875390988
-1.295	8.634818099330289	0.0006130001163733466
-1.29	8.63481809932793	0.0005908820539943517
-1.285	8.634818099325758	0.000569562031595756
-1.28	8.634818099323763	0.0005490112603993345
-1.275	8.6348180993219	0.0005292019813516877
-1.27	8.634818099320144	0.0005101074441834225
-1.265	8.634818099318458	0.0004917018620407139
-1.26	8.6348180993168	0.0004739603787945541
-1.255	8.634818099315124	0.00045685903458711274
-1.25	8.634818099313383	0.00044037473415125714
-1.245	8.634818099311524	0.0004244852127096848
-1.24	8.634818099309475	0.00040916901245015
-1.235	8.634818099307177	0.00039440544796993525
-1.23	8.63481809930454	0.00038017457949553234
-1.225	8.63481809930147	0.00036645718767817177
-1.22	8.634818099297858	0.0003532347893058441
-1.215	8.634818099293568	0.00034048939602195305
-1.21	8.63481809928844	0.00032820392446011355
-1.205	8.634818099282286	0.00031636173821528174
-1.2	8.634818099274877	0.0003049468430872414
-1.195	8.634818099265939	0.00029394382189257094
-1.19	8.634818099255135	0.000283337813595152
-1.185	8.634818099242073	0.00027311449387653524
-1.18	8.634818099226253	0.00026326005387105684
-1.175	8.634818099207106	0.0002537611860568978
-1.17	8.63481809918391	0.0002446050567095415
-1.165	8.634818099155808	0.00023577930160373123
-1.16	8.63481809912176	0.0002272719998171009
-1.155	8.634818099080501	0.0002190716610293564
-1.15	8.6348180990305	0.00021116720929098272
-1.145	8.634818098969907	0.0002035479683814902
-1.14	8.634818098896476	0.00019620364728658627
-1.135	8.63481809880749	0.00018912432627342116
-1.13	8.634818098699652	0.00018230044335979697
-1.125	8.634818098568974	0.00017572278196897987
-1.12	8.634818098410623	0.0001693824578249178
-1.115	8.634818098218743	0.0001632709073527945
-1.11	8.634818097986246	0.00015737987575493946
-1.105	8.634818097704553	0.00015170140626251697
-1.1	8.634818097363263	0.0001462278288140028
-1.095	8.634818096949806	0.00014095175118460687
-1.09	8.634818096448951	0.0001358660463678457
-1.085	8.634818095842274	0.0001309638444852535
-1.08	8.634818095107484	0.0001262385264520019
-1.075	8.634818094217621	0.00012168370884943833
-1.07	8.634818093140067	0.000117293239662923
-1.065	8.63481809183541	0.0001130611889682094
-1.06	8.63481809025599	0.00010898184064306309
-1.055	8.634818088344234	0.00010504968476021018
-1.05	8.634818086030588	0.00010125941044575938
-1.045	8.634818083231064	9.76058982957232e-5
-1.04	8.634818079844278	9.408421377982745e-5
-1.035	8.634818075747908	9.068960019460749e-5
-1.03	8.634818070794408	8.74174725316014e-5
-1.025	8.6348180648059	8.426341142765673e-5
-1.02	8.634818057568033	8.122315669585694e-5
-1.015	8.634818048822641	7.829260210437054e-5
-1.01	8.634818038258949	7.546778956245268e-5
-1.005	8.634818025503035	7.274490366732156e-5
-1.0	8.63481801010529	7.012026662409333e-5
-0.995	8.634817991525416	6.759033362647404e-5
-0.99	8.634817969114543	6.515168774343113e-5
-0.985	8.634817942093937	6.280103514633874e-5
-0.98	8.634817909529653	6.0535200997743733e-5
-0.975	8.63481787030241	5.835112502401159e-5
-0.97	8.63481782307184	5.624585731847848e-5
-0.965	8.63481777377225	5.421655444595594e-5
-0.96	8.634817707191539	5.226047572364841e-5
-0.955	8.634817627183239	5.037497910168916e-5
-0.95	8.634817531088483	4.8557517977664934e-5
-0.945	8.634817415734219	4.680563796047178e-5
-0.94	8.634817277336703	4.511697259085598e-5
-0.935	8.634817111387616	4.3489241391148664e-5
-0.93	8.63481691288888	4.192024612577805e-5
-0.925	8.634816674810807	4.040786750325901e-5
-0.92	8.63481638986299	3.895006297898424e-5
-0.915	8.634816049040102	3.754486373165487e-5
-0.91	8.634815641658948	3.61903719019584e-5
-0.905	8.634815155057748	3.488475816172495e-5
-0.9	8.634814574244109	3.362625923351849e-5
-0.895	8.634813881483476	3.2413175458289875e-5
-0.89	8.634813055818661	3.124386849318009e-5
-0.885	8.634812072509652	3.011675914241662e-5
-0.88	8.634810902381375	2.903032519132295e-5
-0.875	8.634809511065425	2.798309958811123e-5
-0.87	8.634807858119704	2.697366764526156e-5
-0.865	8.634805896007858	2.600066625658734e-5
-0.86	8.634803568918013	2.5062781355373928e-5
-0.855	8.634800811397456	2.415874629842173e-5
-0.85	8.634797546777117	2.3287340118448104e-5
-0.845	8.63479368535635	2.244738703757914e-5
-0.84	8.634789122314814	2.1637750447894307e-5
-0.835	8.634783735314405	2.0857338043897125e-5
-0.83	8.63477738174974	2.010509597513988e-5
-0.825	8.634769898730822	1.938000822806746e-5
-0.82	8.634761087656786	1.868109560656802e-5
-0.815	8.634750726963563	1.8007413787814074e-5
-0.81	8.63473855674869	1.735805357334033e-5
-0.805	8.634724276020012	1.6732137624847816e-5
-0.8	8.634707536695228	1.6128820606803214e-5
-0.795	8.634687936690428	1.55472876809591e-5
-0.79	8.634665012338646	1.498675342404968e-5
-0.785	8.634638229606054	1.4446460901666446e-5
-0.78	8.634606974315481	1.3925680133786101e-5
-0.775	8.634570541136574	1.3423707891027665e-5
-0.77	8.63452812123734	1.2939866169469648e-5
-0.765	8.63447878846274	1.2473501436611104e-5
-0.76	8.634421483896098	1.2023983782017752e-5
-0.755	8.63435499865136	1.1590706057066382e-5
-0.75	8.634277954733788	1.1173082980100372e-5
-0.745	8.634188783799289	1.0770550419769286e-5
-0.74	8.634085703634081	1.03825646425438e-5
-0.735	8.633966692169208	1.0008601550882138e-5
-0.73	8.633829458838104	9.648155908860517e-6
-0.725	8.633671413080323	9.300740790344806e-6
-0.72	8.633489629790866	8.96588682638394e-6
-0.715	8.6332808115127	8.643141589581673e-6
-0.71	8.633041247169258	8.33206899057377e-6
-0.705	8.632766767144775	8.03224866754931e-6
-0.7	8.632452694496195	7.743275452053382e-6
-0.695	8.632093792148192	7.464758788803804e-6
-0.69	8.631684205860985	7.196322214593166e-6
-0.685	8.6312174028359	6.937602843877666e-6
-0.68	8.630686105814398	6.688250890146664e-6
-0.675	8.630082222560654	6.447929168711123e-6
-0.67	8.629396770641932	6.216312645406881e-6
-0.665	8.628619797470995	5.993088016730377e-6
-0.66	8.627740295591435	5.7779532535941565e-6
-0.655	8.626746113262296	5.57061718806097e-6
-0.65	8.62562386042754	5.370799136149198e-6
-0.645	8.624358810234002	5.1782285032981145e-6
-0.64	8.622934796316303	4.9926444148804135e-6
-0.635	8.621334106145474	4.81379535839385e-6
-0.63	8.619537370815843	4.641438849179849e-6
-0.625	8.617523451730213	4.4753410728272396e-6
-0.62	8.61526932473459	4.315276605003438e-6
-0.615	8.612749962350277	4.161028056065751e-6
-0.61	8.609938214852257	4.012385800208812e-6
-0.605	8.606804691048122	3.869147673921111e-6
-0.6	8.603317639719874	3.7311187147425638e-6
-0.595	8.599442832801051	3.5981108766403103e-6
-0.59	8.595143451472463	3.469942781273221e-6
-0.585	8.590379976469768	3.346439453159878e-6
-0.58	8.585110084003688	3.2274321020064213e-6
-0.575	8.579288548807195	3.112757871784688e-6
-0.57	8.572867155846096	3.0022596231259947e-6
-0.565	8.565794622580837	2.895785719759444e-6
-0.56	8.55801653322544	2.7931898172561097e-6
-0.555	8.549475287168386	2.6943306724758877e-6
-0.55	8.540110063252179	2.5990719293761957e-6
-0.545	8.529856801905279	2.507281968417885e-6
-0.54	8.518648207062977	2.4188336998433547e-6
-0.535	8.50641376981926	2.3336044021805706e-6
-0.53	8.493079815724728	2.2514755683566867e-6
-0.525	8.478569577593506	2.17233273638123e-6
-0.52	8.462803295602818	2.096065350592253e-6
-0.515	8.445698346361459	2.0225666085931326e-6
-0.51	8.427169402486035	1.951733324921805e-6
-0.505	8.40712862405604	1.8834658158941375e-6
-0.5	8.385485883119914	1.8176677553262203e-6
-0.495	8.362149022194025	1.7542460687946168e-6
-0.49	8.337024147435733	1.6931108162983703e-6
-0.485	8.310015956880667	1.6341750895949677e-6
-0.48	8.281028103815148	1.5773549084878482e-6
-0.475	8.24996359500853	1.522569123968986e-6
-0.47	8.216725223160402	1.4697393244687004e-6
-0.465	8.181216032526462	1.4187897748042671e-6
-0.46	8.1433398162785	1.3696473053605378e-6
-0.455	8.103001643732442	1.3222412498406961e-6
-0.45	8.06010841514822	1.2765033772042612e-6
-0.445	8.01456944137184	1.2323678249887407e-6
-0.44	7.9662970451587345	1.1897710327929029e-6
-0.435	7.915207180594095	1.1486516870010023e-6
-0.43	7.861220066617472	1.1089506690573143e-6
-0.425	7.804260830269758	1.0706109994880008e-6
-0.42	7.74426015492028	1.0335777843391749e-6
-0.415	7.681154928403516	9.977981944455836e-7
-0.41	7.614888885707339	9.632213918416426e-7
-0.405	7.545413240612792	9.297985061936321e-7
-0.4	7.4726873004953305	8.97482589829748e-7
-0.395	7.396679058364401	8.662285919851801e-7
-0.39	7.3173657561469145	8.359933087428287e-7
-0.385	7.234734413214724	8.067353476163163e-7
-0.38	7.14878231421979	7.78415105884918e-7
-0.375	7.0595174504356795	7.509947345586337e-7
-0.37	6.966958909012012	7.244380919805334e-7
-0.365	6.871137204829532	6.987107207212226e-7
-0.36	6.772094549997183	6.737798064113707e-7
-0.355	6.669885056457068	6.496141474722689e-7
-0.35	6.56457486765539	6.261841173452056e-7
-0.345	6.456242215793616	6.034616247996421e-7
-0.34	6.34497740178878	5.814200738205149e-7
-0.335	6.230882695739008	5.600343291498052e-7
-0.33	6.114072156402727	5.392806672567785e-7
-0.325	5.994671368949635	5.19136737089882e-7
-0.32	5.872817101019355	4.995815121979882e-7
-0.315	5.748656877920383	4.805952440557299e-7
-0.31	5.622348478607284	4.6215941157939646e-7
-0.305	5.494059354877745	4.442566730607771e-7
-0.3	5.363965977022367	4.2687080964637495e-7
-0.295	5.232253109928312	4.099866746689197e-7
-0.29	5.09911302437256	3.935901347834136e-7
-0.285	4.964744648931334	3.7766801618136677e-7
-0.28	4.829352668569508	3.6220804449877404e-7
-0.275	4.693146576548357	3.471987865146534e-7
-0.27	4.556339686793706	3.326295908528065e-7
-0.265	4.419148114291852	3.1849052831796166e-7
-0.26	4.28178973142158	3.0477233074483575e-7
-0.255	4.144483108381937	2.914663335361568e-7
-0.25	4.007446446033628	2.785644089714552e-7
-0.245	3.8708965095343517	2.660589257748385e-7
-0.24	3.7350475711144617	2.5394266826945023e-7
-0.235	3.600110370209084	2.4220879004436796e-7
-0.23	3.4662910989385947	2.308507730339674e-7
-0.225	3.3337904206140028	2.1986235029678482e-7
-0.22	3.2028025285422954	2.092374696536279e-7
-0.215	3.0735142519247782	1.9897024529622474e-7
-0.21	2.946104215086154	1.8905490707661207e-7
-0.205	2.8207420556514085	1.794857662415722e-7
-0.2	2.697587706610718	1.7025716153303083e-7
-0.195	2.5767907464890425	1.6136343187202856e-7
-0.19	2.4584898210774107	1.5279888204328022e-7
-0.185	2.3428121393976094	1.44557747204884e-7
-0.18	2.229873045772278	1.3663417898252875e-7
-0.175	2.1197756690691163	1.2902219511176432e-7
-0.17	2.0126106493920424	1.2171568517067288e-7
-0.165	1.908455941714382	1.1470837972463666e-7
-0.16	1.8073766951995178	1.0799383817514585e-7
-0.155	1.7094252062426545	1.0156543800268943e-7
-0.15	1.6146409426021677	9.541636549314499e-8
-0.145	1.5230506353784126	8.953961057085929e-8
-0.14	1.434668435048863	8.392796327784238e-8
-0.135	1.3494961272869492	7.857401335343619e-8
-0.13	1.2675234038828933	7.347015157839645e-8
-0.125	1.1887281837516075	6.860857306565263e-8
-0.12	1.1130769787581003	6.39812829414048e-8
-0.115	1.0405252989157756	5.958010168142375e-8
-0.11	0.9710180914177806	5.5396677536397215e-8
-0.105	0.9044902079449215	5.1422489462275175e-8
-0.1	0.840866894753554	4.7648861234734016e-8
-0.095	0.7800643001797006	4.406697113160707e-8
-0.09	0.7219899943978764	4.0667862770174216e-8
-0.085	0.6665434965386343	3.7442456637203165e-8
-0.08	0.6136168045927732	3.438156116092918e-8
-0.075	0.5630949239052314	3.147588409056702e-8
-0.07	0.5148563904811023	2.871604304540072e-8
-0.065	0.4687737857822818	2.6092576155822492e-8
-0.06	0.424714240178095	2.35959517504364e-8
-0.055	0.38253992271871196	2.1216577969645785e-8
-0.05	0.3421085154180302	1.8944810790284616e-8
-0.045	0.30327367075475375	1.6770962168429444e-8
-0.04	0.26588545161852145	1.4685306906115863e-8
-0.035	0.2297907534342738	1.2678088920456363e-8
-0.03	0.19483370868501368	1.073952667194225e-8
-0.025	0.16085607451355638	8.859817867403232e-9
-0.02	0.12769760451111906	7.029143482420124e-9
-0.015	0.09519640618853055	5.237671164208159e-9
-0.01	0.063189285968977	3.47555807333703e-9
-0.005	0.03151208383471505	1.7329533146781232e-9
0.0	0.0	0.0
0.005	0.03151208383471501	1.7331629499781045e-9
0.01	0.06318928596897698	3.476399072118292e-9
0.015	0.09519640618853051	5.239572658048949e-9
0.02	0.12769760451111903	7.0325469267422375e-9
0.025	0.16085607451355638	8.865181976396064e-9
0.03	0.19483370868501362	1.0747332370611894e-8
0.035	0.22979075343427377	1.2688844306348969e-8
0.04	0.26588545161852145	1.4699552215712991e-8
0.045	0.3032736707547538	1.6789274752592605e-8
0.05	0.3421085154180303	1.8967810107231612e-8
0.055	0.3825399227187119	2.124493057711396e-8
0.06	0.42471424017809495	2.3630376369771566e-8
0.065	0.46877378578228174	2.6133848476132587e-8
0.07	0.5148563904811023	2.876500105092901e-8
0.075	0.5630949239052314	3.153343283617295e-8
0.08	0.6136168045927731	3.44486778228979e-8
0.085	0.6665434965386343	3.7520195433360175e-8
0.09	0.7219899943978761	4.075735999669697e-8
0.095	0.7800643001797005	4.416944994996637e-8
0.1	0.8408668947535539	4.776563658387533e-8
0.105	0.9044902079449214	5.155497276189922e-8
0.11	0.9710180914177733	5.554638151151808e-8
0.115	1.0405252989157692	5.974864483492859e-8
0.12	1.1130769787580945	6.417039312199556e-8
0.125	1.1887281837516026	6.882009505035061e-8
0.13	1.2675234038828893	7.370604791948824e-8
0.135	1.3494961272869463	7.883637006177097e-8
0.14	1.4346684350488614	8.421899340974191e-8
0.145	1.5230506353784126	8.986165826364146e-8
0.15	1.6146409426021664	9.577190961857884e-8
0.155	1.7094252062426536	1.0195709560967865e-7
0.16	1.807376695199517	1.0842436787081824e-7
0.165	1.9084559417143816	1.1518068462123277e-7
0.17	2.0126106493920415	1.222328160819676e-7
0.175	2.1197756690691163	1.2958735301779216e-7
0.18	2.229873045772279	1.3725071772727604e-7
0.185	2.342812139397609	1.4522917844375958e-7
0.19	2.4584898210774115	1.5352886665854333e-7
0.195	2.5767907464890434	1.6215579787121292e-7
0.2	2.6975877066107192	1.711158939936022e-7
0.205	2.8207420556514102	1.8041501646863508e-7
0.21	2.9461042150861547	1.900589877998673e-7
0.215	3.0735142519247796	2.000536325239961e-7
0.22	3.202802528542302	2.104048105977387e-7
0.225	3.3337904206140108	2.2111845850824103e-7
0.23	3.4662910989386035	2.322006319912223e-7
0.235	3.6001103702090926	2.4365755233102525e-7
0.24	3.7350475711144693	2.554956533308426e-7
0.245	3.8708965095343615	2.6772163543778757e-7
0.25	4.0074464460336365	2.8034250996648755e-7
0.255	4.144483108381947	2.9336566562196765e-7
0.26	4.28178973142159	3.0679891704997734e-7
0.265	4.419148114291861	3.2065056489381027e-7
0.27	4.556339686793716	3.3492945428733584e-7
0.275	4.693146576548366	3.496450336975415e-7
0.28	4.829352668569517	3.6480741678494495e-7
0.285	4.964744648931342	3.804274403975557e-7
0.29	5.099113024372567	3.9651672763372013e-7
0.295	5.232253109928321	4.130877444719867e-7
0.3	5.363965977022377	4.3015386241789557e-7
0.305	5.494059354877755	4.4772941353904127e-7
0.31	5.622348478607293	4.658297508963501e-7
0.315	5.748656877920392	4.844713026142979e-7
0.32	5.872817101019362	5.036716282617175e-7
0.325	5.994671368949643	5.234494689494892e-7
0.33	6.1140721564027345	5.438248070740645e-7
0.335	6.230882695739014	5.648189051615779e-7
0.34	6.344977401788785	5.864543606281513e-7
0.345	6.456242215793632	6.087551509738831e-7
0.35	6.564574867655406	6.317466765869651e-7
0.355	6.6698850564570815	6.554558061334667e-7
0.36	6.772094549997194	6.799109254899936e-7
0.365	6.87113720482954	7.051419531626752e-7
0.37	6.966958909012019	7.311804097623888e-7
0.375	7.059517450435683	7.58059429536494e-7
0.38	7.14878231421979	7.858138118866428e-7
0.385	7.234734413214723	8.14480051661118e-7
0.39	7.317365756146911	8.44096374354284e-7
0.395	7.396679058364397	8.7470277091945e-7
0.4	7.472687300495324	9.063410360400487e-7
0.405	7.545413240612784	9.3905479863806e-7
0.41	7.614888885707327	9.728895566371624e-7
0.415	7.681154928403505	1.0078927243616572e-6
0.42	7.7442601549202665	1.0441136578403697e-6
0.425	7.804260830269741	1.0816036965153209e-6
0.43	7.861220066617455	1.1204162194521233e-6
0.435	7.915207180594077	1.160606654195684e-6
0.44	7.966297045158718	1.2022325685563699e-6
0.445	8.014569441371847	1.2453536874595113e-6
0.45	8.060108415148225	1.2900319598174092e-6
0.455	8.10300164373245	1.3363316035074246e-6
0.46	8.143339816278509	1.38431917129051e-6
0.465	8.181216032526473	1.4340636126448943e-6
0.47	8.21672522316041	1.4856363451756518e-6
0.475	8.249963595008548	1.5391113065442504e-6
0.48	8.281028103815155	1.5945650621528207e-6
0.485	8.310015956880674	1.652076863804389e-6
0.49	8.337024147435736	1.711728739421566e-6
0.495	8.362149022194032	1.7736055895020696e-6
0.5	8.38548588311992	1.8377952775997058e-6
0.505	8.407128624056048	1.9043886976357938e-6
0.51	8.427169402486042	1.973480033976637e-6
0.515	8.445698346361466	2.045166647987841e-6
0.52	8.462803295602825	2.1195493460353025e-6
0.525	8.478569577593515	2.1967324704733876e-6
0.53	8.493079815724736	2.2768240268303583e-6
0.535	8.50641376981927	2.359935831829449e-6
0.54	8.518648207062986	2.446183639046001e-6
0.545	8.529856801905284	2.5356873151826122e-6
0.55	8.540110063252184	2.628571197747271e-6
0.555	8.54947528716839	2.7249634111773942e-6
0.56	8.558016533244896	2.824997301947714e-6
0.565	8.565794622598432	2.9288107810973964e-6
0.57	8.572867155861966	3.0365467290562236e-6
0.575	8.579288548812155	3.1483531751031384e-6
0.58	8.585110084016467	3.2643832181037212e-6
0.585	8.590379976481183	3.3847963962411997e-6
0.59	8.595143451482674	3.50975716775171e-6
0.595	8.599442832810134	3.639436288573369e-6
0.6	8.603317639727928	3.7740107574122447e-6
0.605	8.606804691055245	3.913664050111531e-6
0.61	8.60993821485755	4.0585864393175755e-6
0.615	8.612749962355805	4.208975124184888e-6
0.62	8.61526932473944	4.365034619694792e-6
0.625	8.617523451734451	4.5269770033282495e-6
0.63	8.619537370819543	4.695022191160572e-6
0.635	8.621334106148694	4.869398221501563e-6
0.64	8.622934796319097	5.050341631958973e-6
0.645	8.62435881023642	5.238097738356837e-6
0.65	8.625623860429624	5.432920980394779e-6
0.655	8.626746113264092	5.635075263766965e-6
0.66	8.627740295592975	5.8448343307276624e-6
0.665	8.628619797472115	6.062482137858965e-6
0.67	8.629396770643057	6.28831322825589e-6
0.675	8.630082222561615	6.522633142425586e-6
0.68	8.63068610581656	6.765758844957239e-6
0.685	8.631217402837768	7.018019142169321e-6
0.69	8.631684205862596	7.279755133109834e-6
0.695	8.632093792149574	7.55132074635861e-6
0.7	8.632452694497378	7.833082956698415e-6
0.705	8.632766767145789	8.125422654324295e-6
0.71	8.633041247171178	8.428734910533782e-6
0.715	8.633280811513432	8.743429664296825e-6
0.72	8.633489629791487	9.069932133109486e-6
0.725	8.633671413080847	9.408683455072232e-6
0.73	8.633829458838546	9.760141310740146e-6
0.735	8.63396669216958	1.0124780561769654e-5
0.74	8.634085703634392	1.0503093800040158e-5
0.745	8.63418878379955	1.0895592093394247e-5
0.75	8.634277954734005	1.1302805673076925e-5
0.755	8.63435499865154	1.1725284601207329e-5
0.76	8.634421483896245	1.2163599567591203e-5
0.765	8.634478788437484	1.261834264543426e-5
0.77	8.634528121217006	1.309012807689378e-5
0.775	8.634570541120224	1.3579593125856474e-5
0.78	8.634606974302404	1.4087398926279613e-5
0.785	8.634638229595634	1.4614231366159895e-5
0.79	8.634665012330373	1.5160802040538663e-5
0.795	8.634687936683891	1.5727849207780868e-5
0.8	8.634707536690081	1.631613876014247e-5
0.805	8.634724233656593	1.6926465300514864e-5
0.81	8.63473852253202	1.7559653192662105e-5
0.815	8.634750699380708	1.8216557658709717e-5
0.82	8.634761065464792	1.889806594567403e-5
0.825	8.634769880910731	1.9605098531297324e-5
0.83	8.634777370025798	2.0338610451954527e-5
0.835	8.634783725975113	2.1099592386007373e-5
0.84	8.63478911488882	2.1889072178235106e-5
0.845	8.634793679462488	2.270811615531272e-5
0.85	8.634797542107343	2.3557830542794303e-5
0.855	8.634800807704407	2.4439363092064035e-5
0.86	8.63480356600265	2.5353904407805485e-5
0.865	8.634805893711077	2.6302689741034683e-5
0.87	8.634807856312591	2.7287000584656738e-5
0.875	8.63480950964644	2.83081663995073e-5
0.88	8.6348109012691	2.9367566434698637e-5
0.885	8.63481207163931	3.0466631587485456e-5
0.89	8.63481305513881	3.1606846168180766e-5
0.895	8.634813880953333	3.278975046281339e-5
0.9	8.634814573831413	3.401694202964268e-5
0.905	8.634815154737023	3.529007860320799e-5
0.91	8.634815641410118	3.6610879376100296e-5
0.915	8.634816048847375	3.798112846451013e-5
0.92	8.634816389713963	3.940267656077924e-5
0.925	8.63481667469576	4.087744367449306e-5
0.93	8.634816912800211	4.240742148458948e-5
0.935	8.634817111613007	4.3994676679273784e-5
0.94	8.634817277516795	4.56413528637914e-5
0.945	8.634817415877302	4.734967416030852e-5
0.95	8.634817531201529	4.912194791071847e-5
0.955	8.634817627272053	5.096056747519667e-5
0.96	8.634817707260934	5.2868016230771036e-5
0.965	8.634817773826168	5.484687034222386e-5
0.97	8.634817829193318	5.689980209739989e-5
0.975	8.634817875224504	5.902958465792315e-5
0.98	8.634817913476649	6.123909406276325e-5
0.985	8.634817945250592	6.353131442791922e-5
0.99	8.634817971632515	6.59093414241675e-5
0.995	8.634817993528758	6.83763867163432e-5
1.0	8.634818011695142	7.093578188182534e-5
1.005	8.634818026761582	7.359098328408251e-5
1.01	8.634818039252771	7.63455772220139e-5
1.015	8.634818049605508	7.920328301718165e-5
1.02	8.634818058183235	8.216796014095794e-5
1.025	8.634818065288192	8.52436121853679e-5
1.03	8.634818071171612	8.84343924793976e-5
1.035	8.634818076042237	9.174460991987592e-5
1.04	8.634818080073412	9.5178734448039e-5
1.045	8.634818083409034	9.87414034127737e-5
1.05	8.634818086168508	0.00010243742787920911
1.055	8.634818088450885	0.00010627179820048252
1.06	8.634818090338284	0.00011024969218569753
1.065	8.634818091898778	0.00011437648103879927
1.07	8.63481809318877	0.00011865773691256416
1.075	8.634818094254985	0.0001230992408936567
1.08	8.634818095136112	0.0001277069901502903
1.085	8.634818095864192	0.00013248720553138117
1.09	8.63481809646573	0.0001374463412266341
1.095	8.634818096962672	0.00014259109317085085
1.1	8.634818097373165	0.00014792840739768113
1.105	8.634818097712227	0.0001534655066829182
1.11	8.634818097992271	0.0001592098332532712
1.115	8.634818098223569	0.00016516915912065115
1.12	8.634818098414602	0.00017135152925221883
1.125	8.634818098572397	0.00017776529060371034
1.13	8.63481809870275	0.00018441908466287652
1.135	8.63481809881046	0.0001913219277796625
1.14	8.634818098899489	0.00019848312169228998
1.145	8.634818098973117	0.00020591233419912675
1.15	8.634818099034057	0.00021361958813047335
1.155	8.63481809908455	0.00022161529800238244
1.16	8.634818099126448	0.0002299102520877313
1.165	8.634818099161294	0.00023851564740485712
1.17	8.634818099190355	0.000247443100152268
1.175	8.634818099214687	0.0002567046600792601
1.18	8.634818099235165	0.0002663128283799913
1.185	8.634818099252511	0.0002762805745929912
1.19	8.634818099267328	0.00028662135151661376
1.195	8.634818099280109	0.0002973491166966116
1.2	8.634818099291262	0.0003084783489187921
1.205	8.634818099301123	0.00032002406935579484
1.21	8.634818099309948	0.00033200185949407125
1.215	8.634818099317956	0.00034442788492451584
1.22	8.634818099325297	0.0003573189153290593
1.225	8.634818099332078	0.0003706923472275612
1.23	8.634818099303066	0.00038456622789895614
1.235	8.63481809930537	0.00039895927965748803
1.24	8.634818099307271	0.00041389092480422163
1.245	8.63481809930884	0.0004293813109810826
1.25	8.634818099310133	0.00044545131408488
1.255	8.6348180993112	0.00046212266803408045
1.26	8.634818099312081	0.0004794178423428104
1.265	8.634818099312808	0.0004973601722492558
1.27	8.63481809931341	0.0005159738635732023
1.275	8.634818099313906	0.0005352840288419856
1.28	8.634818099314318	0.0005553167181707951
1.285	8.634818099314659	0.0005760989546364843
1.29	8.634818099314934	0.0005976587724593665
1.295	8.634818099315178	0.0006200252534074672
1.3	8.634818099315375	0.0006432285696626952
1.305	8.634818099315538	0.0006673000133307679
1.31	8.634818099315638	0.0006922720497917237
1.315	8.634818099315744	0.0007181783554683428
1.32	8.634818099315833	0.0007450538731461607
1.325	8.634818099315904	0.0007729348338571138
1.33	8.634818099315963	0.0008018588364795059
1.335	8.634818099316014	0.0008318648801068156
1.34	8.634818099316055	0.0008629934205677986
1.345	8.634818099316087	0.0008952864233775138
1.35	8.634818099316114	0.0009287874209822778
1.355	8.634818099316137	0.0009635415722687215
1.36	8.634818099316155	0.0009995957210805952
1.365	8.634818099316172	0.0010369984613424856
1.37	8.634818099316185	0.0010758001967734838
1.375	8.634818099316195	0.0011160532170176182
1.38	8.634818099316204	0.0011578117602209933
1.385	8.63481809931621	0.0012011320890734736
1.39	8.634818099316222	0.0012460725609908508
1.395	8.634818099316222	0.001292693721363615
1.4	8.634818099316226	0.0013410583630794211
1.405	8.63481809931623	0.001391231625091515
1.41	8.634818099316231	0.0014432810696949924
1.415	8.634818099316233	0.0014972767869839859
1.42	8.634818099316236	0.001553291472756919
1.425	8.634818099316236	0.0016114005319677522
1.43	8.634818099315229	0.0016716821970697011
1.435	8.63481809931624	0.001734217572445156
1.44	8.63481809931624	0.001799090823361548
1.445	8.634818099316243	0.001866389234149672
1.45	8.634818099316242	0.001936203338942486
1.455	8.634818099315336	0.0020086270491623
1.46	8.634818099316242	0.002083757761455214
1.465	8.634818099316243	0.002161696497035804
1.47	8.634818099316242	0.002242548050378237
1.475	8.634818099316242	0.0023264212114513954
1.48	8.634818099316245	0.002413428446315816
1.485	8.634818099316242	0.0025036867992249906
1.49	8.634818099316245	0.0025973174350881287
1.495	8.634818099316247	0.0026944463013220143
1.5	8.634818099316243	0.0027952037276966994
1.505	8.634818099316243	0.0028997249835657725
1.51	8.634818099316243	0.0030081503638919116
1.515	8.634818099316243	0.003120625364703936
1.52	8.634818099316243	0.003237300878425908
1.525	8.634818099316243	0.003358333401752276
1.53	8.634818099316245	0.003483885216294113
1.535	8.634818099316243	0.0036141246281907796
1.54	8.634818099316243	0.003749226187896422
1.545	8.634818099316245	0.0038893709389080967
1.55	8.634818099316242	0.004034746465828132
1.555	8.634818099316243	0.004185547469049991
1.56	8.634818099316243	0.0043419756807715655
1.565	8.634818099316243	0.004504240612392771
1.57	8.634818099316242	0.004672559169873579
1.575	8.63481809931628	0.004847156416831611
1.58	8.63481809931627	0.005028265700315913
1.585	8.634818099316261	0.005216129003386046
1.59	8.634818099316243	0.0054109971691549946
1.595	8.63481809931624	0.005613130342621444
1.6	8.634818099316245	0.005822798224320332
1.605	8.63481809931624	0.0060402804412095805
1.61	8.63481809931624	0.006265866904007565
1.615	8.634818099316236	0.006499858041254628
1.62	8.634818099316236	0.006742565917513981
1.625	8.634818099316234	0.006994313133324329
1.63	8.634818099316236	0.007255434666728898
1.635	8.634818099316234	0.007526277821882662
1.64	8.634818099316236	0.007807202431528913
1.645	8.634818099316234	0.00809858154918791
1.65	8.634818099316238	0.008400801891123345
1.655	8.63481809931624	0.008714264272625406
1.66	8.634818099316238	0.009039384154292649
1.665	8.634818099316238	0.009376592166441867
1.67	8.634818099316242	0.009726334370735439
1.675	8.63481809931624	0.010089073748145182
1.68	8.63481809931624	0.01046528945724735
1.685	8.634818099316242	0.010855478260311958
1.69	8.634818099316242	0.011260155165874858
1.695	8.634818099316242	0.011679853184821511
1.7	8.634818099316243	0.012115125283958625
1.705	8.634818099316243	0.012566543388657992
1.71	8.634818099316243	0.013034702474935175
1.715	8.634818099316243	0.013520216605441183
1.72	8.634818099316245	0.014023722734155078
1.725	8.634818099316242	0.014545880681756352
1.73	8.634818099316243	0.015087374048688842
1.735	8.634818099316245	0.01564891080402673
1.74	8.634818099316245	0.016231224330660814
1.745	8.634818099316245	0.016835074247615257
1.75	8.634818099316243	0.01746124721784201
1.755	8.634818099316245	0.018110557940590483
1.76	8.634818099316245	0.018783850034103957
1.765	8.634818099316243	0.01948199708258816
1.77	8.634818099316245	0.020205903608755234
1.775	8.634818099316245	0.020956506050720372
1.78	8.634818099316245	0.02173477389118261
1.785	8.634818099316245	0.022541710699597126
1.79	8.634818099316245	0.023378355277322037
1.795	8.634818099316245	0.024245782851258477
1.8	8.634818099316249	0.025145106138181418
1.805	8.634818099316245	0.026077476659922324
1.81	8.634818099316245	0.02704408595247832
1.815	8.634818099316247	0.028046166907323956
1.82	8.634818099316247	0.029084994965181146
1.825	8.634818099316245	0.03016189009913079
1.83	8.634818099316245	0.0312782159587881
1.835	8.634818099316245	0.03243538459836554
1.84	8.634818099316245	0.03363485575706846
1.845	8.634818099316245	0.03487813878445299
1.85	8.634818099316245	0.03616679639078624
1.855	8.634818099316245	0.03750243759628194
1.86	8.634818099316247	0.03888673212717476
1.865	8.634818099316245	0.0403214037337133
1.87	8.634818099316243	0.04180823349024929
1.875	8.634818099316245	0.04334906183900529
1.88	8.634818099316243	0.04494579022119744
1.885	8.634818099316247	0.046600382762790396
1.89	8.634818099316243	0.048314868143635524
1.895	8.634818099316245	0.05009134123368011
1.9	8.634818099316245	0.05193196522186638
1.905	8.634818099316249	0.05383897322606568
1.91	8.634818099316245	0.05581467024858114
1.915	8.634818099316245	0.05786143516362088
1.92	8.634818099316245	0.05998172276548625
1.925	8.634818099316247	0.06217806363040306
1.93	8.634818099316245	0.06445307432915492
1.935	8.634818099316247	0.06680944425673352
1.94	8.634818099316247	0.06924995245462319
1.945	8.634818099316245	0.07177746214660033
1.95	8.634818099316245	0.07439492453560262
1.955	8.634818099316247	0.07710538067014976
1.96	8.634818099316245	0.07991196335267221
1.965	8.634818099316247	0.082817899618309
1.97	8.634818099316245	0.08582651251347065
1.975	8.634818099316243	0.08894122312992468
1.98	8.634818099316245	0.09216555323878364
1.985	8.634818099316245	0.09550312584544493
1.99	8.634818099316243	0.09895766901389817
1.995	8.634818099316245	0.10253301685752061
2.0	8.634818099316243	0.10623311165501322
2.005	8.634818099316238	0.11006200632275424
2.01	8.634818099316243	0.11402386526942675
2.015	8.634818099316243	0.11812296726895177
2.02	8.634818099316242	0.12236370673046985
2.025	8.634818099316242	0.12675059585302834
2.03	8.63481809931624	0.131288266234941
2.035	8.63481809931624	0.13598146968348343
2.04	8.634818099316236	0.14083508191054142
2.045	8.634818099316238	0.14585410160595083
2.05	8.634818099316236	0.15104365355040913
2.055	8.634818099316236	0.1564089892225447
2.06	8.634818099316236	0.16195548937021195
2.065	8.634818099316236	0.16768866070709185
2.07	8.634818099316236	0.17361414366408723
2.075	8.634818099316234	0.1797377087005568
2.08	8.634818099316236	0.18606525834354853
2.085	8.634818099316236	0.19260282797881106
2.09	8.63481809931624	0.19935658595036118
2.095	8.634818099316238	0.2063328345909433
2.1	8.634818099316242	0.21353800954173266
2.105	8.634818099316245	0.22097868127396283
2.11	8.634818099316243	0.22866155365655613
2.115	8.634818099316258	0.23659346472175563
2.12	8.634818099316265	0.24478138494408502
2.125	8.634818099316275	0.25323241836309274
2.13	8.634818099316245	0.26195380113050304
2.135	8.634818099316243	0.27095289822655527
2.14	8.634818099316245	0.2802372066774717
2.145	8.634818099316243	0.28981435248344906
2.15	8.634818099316247	0.2996920867661788
2.155	8.634818099316242	0.30987828713791027
2.16	8.634818099316243	0.3203809540028875
2.165	8.634818099316245	0.331208209919537
2.17	8.634818099316243	0.342368295517059
2.175	8.634818099316243	0.3538695675693988
2.18	8.634818099316243	0.36572049819533764
2.185	8.634818099316242	0.3779296696817028
2.19	8.634818099316243	0.39050577161319683
2.195	8.634818099316243	0.40345759904559064
2.2	8.634818099316243	0.41679404855227287
2.205	8.634818099316245	0.43052411225421927
2.21	8.634818099316245	0.4446568788446698
2.215	8.63481809931624	0.4592015261778357
2.22	8.634818099316245	0.4741673192767535
2.225	8.634818099316243	0.4895636046852103
2.23	8.634818099316242	0.5053998061787663
2.235	8.634818099316242	0.5216854227682949
2.24	8.634818099316245	0.5384300225895254
2.245	8.634818099315432	0.5556432386006475
2.25	8.634818099315211	0.5733347650762868
2.255	8.634818099316243	0.5915143533002016
2.26	8.634818099316243	0.6101918065223959
2.265	8.634818099316245	0.6293769752310174
2.27	8.634818099315131	0.649079754365964
2.275	8.634818099315359	0.6693100789446798
2.28	8.634818099316243	0.6900779187764812
2.285	8.634818099316243	0.7113932763148728
2.29	8.634818099316245	0.7332661822187655
2.295	8.634818099316247	0.7557066925726736
2.3	8.634818099316245	0.7787248843304155
2.305	8.634818099316245	0.8023308536931972
2.31	8.634818099316243	0.8265347142358312
2.315	8.634818099316245	0.8513465911351976
2.32	8.634818099316245	0.8767766249804739
2.325	8.634818099316245	0.9028349639636079
2.33	8.634818099316245	0.9295317673880535
2.335	8.634818099316245	0.956877205765307
2.34	8.634818099316243	0.9848814495157792
2.345	8.634818099316245	1.0135546879160502
2.35	8.634818099316245	1.0429071137933088
2.355	8.634818099316245	1.0729489342819059
2.36	8.634818099316245	1.1036910681768664
2.365	8.634818099316245	1.1351416428931864
2.37	8.634818099316243	1.1673130165280308
2.375	8.634818099316245	1.20021475805941
2.38	8.634818099316245	1.2338571642894476
2.385	8.634818099316245	1.2682505631948564
2.39	8.634818099316247	1.3034053161625827
2.395	8.63481809931628	1.3393318288187936
2.4	8.63481809931627	1.376040547040315
2.405	8.634818099316263	1.4135419772440563
2.41	8.634818099316245	1.4518466819263796
2.415	8.634818099316243	1.490965299436384
2.42	8.634818099316245	1.5309085276046026
2.425	8.634818099316242	1.5716871688539373
2.43	8.63481809931624	1.6133121133448027
2.435	8.634818099316238	1.655794347423264
2.44	8.634818099316238	1.6991449811165555
2.445	8.634818099316238	1.743375238407154
2.45	8.634818099316234	1.788496481564826
2.455	8.634818099316238	1.8345202119257016
2.46	8.634818099316238	1.8814580863150059
2.465	8.634818099316238	1.9293219211872628
2.47	8.634818099316238	1.9781237124833722
2.475	8.63481809934957	2.0278756274283265
2.48	8.634818099346129	2.0785900361856413
2.485	8.634818099342814	2.130279498277219
2.49	8.634818099339682	2.1829567932036795
2.495	8.634818099336773	2.2366349136755583
2.5	8.634818099334106	2.2913270797669765
2.505	8.634818099331692	2.34704674337223
2.51	8.634818099329525	2.4038075922290756
2.515	8.634818099327603	2.4616235626834047
2.52	8.634818099325908	2.5205088334310615
2.525	8.634818099324427	2.580477839632306
2.53	8.634818099323141	2.6415452676645543
2.535	8.634818099322029	2.703726062030869
2.54	8.634818099321079	2.767035411117517
2.545	8.634818099320267	2.831488769533436
2.55	8.634818099319576	2.8971018299531863
2.555	8.634818099318995	2.9638905344498903
2.56	8.634818099318506	3.0318710688482566
2.565	8.634818099318096	3.1010598515209713
2.57	8.634818099317759	3.1714735014687796
2.575	8.634818099317474	3.243128870147968
2.58	8.634818099317243	3.3160429995044076
2.585	8.63481809931705	3.3902331048707386
2.59	8.634818099316893	3.4657165780288155
2.595	8.634818099316766	3.542510960267324
2.6	8.634818099316663	3.620633897507671
2.605	8.634818099316577	3.700103162690127
2.61	8.634818099316513	3.780936596507008
2.615	8.634818099316458	3.863152102388188
2.62	8.634818099316421	3.9467676051583735
2.625	8.634818099316384	4.0318010241353885
2.63	8.634818099316357	4.118270248611774
2.635	8.634818099316341	4.2061930935697145
2.64	8.634818099316329	4.295587274889668
2.645	8.634818099316325	4.386470368137896
2.65	8.634818099316327	4.478859767168216
2.655	8.634818099316334	4.5727726611312045
2.66	8.634818099316346	4.668225969830699
2.665	8.634818099316373	4.7652363169051615
2.67	8.63481809931641	4.863819984265719
2.675	8.634818099316465	4.963992860509432
2.68	8.63481809931654	5.065770408289691
2.685	8.634818099316641	5.169167607515752
2.69	8.63481809931678	5.274198910946369
2.695	8.634818099316966	5.38087819862831
2.7	8.634818099317213	5.489218739191691
2.705	8.634818099317547	5.599233116385004
2.71	8.63481809931799	5.710933201718446
2.715	8.63481809931858	5.82433010553935
2.72	8.63481809931936	5.939434148039576
2.725	8.634818099320398	6.056254694871897
2.73	8.634818099321755	6.174800290550646
2.735	8.634818099323542	6.295078501671286
2.74	8.634818099325889	6.417095884165647
2.745	8.634818099328957	6.540857947860782
2.75	8.634818099332964	6.666369128114496
2.755	8.634818099338176	6.793632668117104
2.76	8.634818099344942	6.922650670302741
2.765	8.634818099353703	7.053424018006179
2.77	8.63481809936502	7.185952340934041
2.775	8.6348180993796	7.3202339587703475
2.78	8.634818099398332	7.4562658604276235
2.785	8.634818099422343	7.5940446109352475
2.79	8.634818099453039	7.733561674869735
2.795	8.634818099492177	7.874812655428018
2.8	8.634818099541949	8.017787975728698
2.805	8.63481809960508	8.162477530951584
2.81	8.634818099684946	8.30886972381669
2.815	8.63481809978571	8.456951430842738
2.82	8.634818099912508	8.606707997002477
2.825	8.634818100071632	8.758123252362656
2.83	8.634818100270785	8.91117945160796
2.835	8.63481809933112	9.065857290426356
2.84	8.63481809933347	9.222135904509614
2.845	8.634818099336073	9.379992860040074
2.85	8.634818099338922	9.539404169218145
2.855	8.634818099342	9.700344281545423
2.86	8.634818099345274	9.862786105711542
2.865	8.634818099348688	10.026701011849275
2.87	8.63481809931624	10.192059508084919
2.875	8.63481809931624	10.358828590312044
2.88	8.634818099316238	10.526975779530796
2.885	8.634818099316236	10.696465761699544
2.89	8.634818099316236	10.86726391985241
2.895	8.634818099316234	11.039332113164791
2.9	8.634818099316238	11.212631423956347
2.905	8.634818099316238	11.387121981829814
2.91	8.634818099316238	11.562762212297114
2.915	8.634818099316242	11.739509450399424
2.92	8.634818099316242	11.917319839011135
2.925	8.63481809931625	12.096148289961484
2.93	8.634818099316245	12.275948668085512
2.935	8.63481809931626	12.456673794725267
2.94	8.634818099316266	12.638275452255805
2.945	8.634818099316277	12.82070448122589
2.95	8.634818099316245	13.003910840423119
2.955	8.634818099316245	13.187843663450801
2.96	8.634818099316245	13.372451284945887
2.965	8.634818099316245	13.557681362454925
2.97	8.634818099316245	13.74348089400613
2.975	8.634818099316245	13.929796315580768
2.98	8.634818099316245	14.116573496933706
2.985	8.634818099316245	14.303757938764017
2.99	8.634818099316245	14.491294677351465
2.995	8.634818099316243	14.679128457516084
3.0	8.634818099316245	14.86720378964819
3.005	8.634818099316245	15.055464992950068
3.01	8.634818099316245	15.243856265124473
3.015	8.634818099316245	15.43232172079048
3.02	8.634818099316245	15.62080549731567
3.025	8.634818099316245	15.809251827214078
3.03	8.634818099316243	15.997605030249135
3.035	8.634818099316245	16.18580967802303
3.04	8.634818099316245	16.373810421247157
3.045	8.634818099316245	16.561552573568036
3.05	8.634818099316245	16.74898132664339
3.055	8.634818099316245	16.936042752574625
3.06	8.634818099316245	17.12268305121349
3.065	8.634818099315412	17.308849116565398
3.07	8.63481809931519	17.494488348477443
3.075	8.634818099316247	17.6795487674778
3.08	8.634818099316243	17.863978994508987
3.085	8.634818099316243	18.04772839054402
3.09	8.634818099315153	18.23074699792625
3.095	8.634818099315378	18.412985655675534
3.1	8.634818099316243	18.594395893278307
3.105	8.634818099316243	18.774930137024096
3.11	8.634818099316243	18.95454162150949
3.115	8.634818099316243	19.13318444720781
3.12	8.634818099316245	19.310813528151048
3.125	8.634818099316243	19.487384700737014
3.13	8.634818099316242	19.66285470121525
3.135	8.634818099316252	19.837181195188084
3.14	8.634818099316245	20.01032274803414
3.145	8.634818099316245	20.182238821366173
3.15	8.634818099316243	20.35288983607999
3.155	8.634818099316245	20.522237119055692
3.16	8.634818099316243	20.69024290442661
3.165	8.634818099316245	20.85687035200914
3.17	8.634818099316245	21.022083518784502
3.175	8.634818099316247	21.185847326353837
3.18	8.634818099316245	21.34812761821509
3.185	8.634818099316243	21.508891089274506
3.19	8.634818099316243	21.668105272967146
3.195	8.634818099316245	21.82573853725709
3.2	8.634818099316247	21.981760070769006
3.205	8.634818099316243	22.13613985809004
3.21	8.634818099316243	22.288848624679808
3.215	8.634818099316279	22.439857875726823
3.22	8.634818099316266	22.589139786652314
3.225	8.63481809931626	22.736667295727106
3.23	8.634818099316243	22.88241429027264
3.235	8.634818099316243	23.026354371265494
3.24	8.634818099316242	23.168462639858344
3.245	8.63481809931624	23.308714558274772
3.25	8.634818099316238	23.44708602693575
3.255	8.634818099316236	23.58355356748991
3.26	8.634818099316236	23.71809420449
3.265	8.634818099316233	23.850685385799174
3.27	8.634818099316234	23.981305030359675
3.275	8.634818099316234	24.109931446501488
3.28	8.634818099316234	24.236543341353567
3.285	8.634818099316236	24.361119792306294
3.29	8.634818099316238	24.483640152774083
3.295	8.634818099316238	24.60408411277673
3.3	8.634818099316238	24.722431625656814
3.305	8.634818099316238	24.838660070443087
3.31	8.63481809931624	24.952758288187926
3.315	8.634818099316242	25.064698469871853
3.32	8.634818099316242	25.17446416991933
3.325	8.63481809931624	25.28203628573151
3.33	8.634818099316242	25.387395915158937
3.335	8.63481809931624	25.490524158591125
3.34	8.634818099316242	25.591402246067318
3.345	8.634818099316243	25.69001141156113
3.35	8.634818099316245	25.78633293148282
3.355	8.634818099316245	25.880348221506917
3.36	8.634818099316243	25.972038549655398
3.365	8.634818099316243	26.061385266166173
3.37	8.634818099316245	26.14836964484819
3.375	8.634818099316243	26.23297294570237
3.38	8.634818099316243	26.31517644240771
3.385	8.634818099316243	26.394961225590876
3.39	8.634818099316245	26.472308407332044
3.395	8.634818099316245	26.547199036757192
3.4	8.634818099316243	26.619614071572208
3.405	8.634818099316245	26.689534400579927
3.41	8.634818099316242	26.756940849111498
3.415	8.634818099316243	26.82181418548627
3.42	8.634818099316245	26.884135109117494
3.425	8.634818099316245	26.943884230142743
3.43	8.634818099316243	27.00104216584475
3.435	8.634818099316243	27.05558948754144
3.44	8.634818099316242	27.10750548767085
3.445	8.634818099316243	27.156773296041596
3.45	8.634818099316245	27.20337314855705
3.455	8.634818099316245	27.247283561671875
3.46	8.634818099316243	27.28848630486874
3.465	8.634818099316245	27.32696213962354
3.47	8.634818099316245	27.362691995586143
3.475	8.634818099316245	27.395657009881365
3.48	8.634818099316245	27.42583827421103
3.485	8.634818099316247	27.453217310952514
3.49	8.634818099316245	27.477775939229627
3.495	8.634818099316243	27.4994961937041
3.5	8.634818099316245	27.518360579126654
3.505	8.634818099316243	27.534351952257783
3.51	8.634818099316243	27.547453564634857
3.515	8.634818099316245	27.5576493529175
3.52	8.634818099316245	27.564923712777986
3.525	8.634818099316243	27.569258486508925
3.53	8.634818099316243	27.570646194021506
3.535	8.634818099316245	27.569072287370265
3.54	8.634818099316242	27.564518952538748
3.545	8.634818099316249	27.55697717134522
3.55	8.634818099316245	27.546442452180074
3.555	8.634818099316243	27.53288625145551
3.56	8.634818099316243	27.516319282139072
3.565	8.634818099316245	27.496726812922468
3.57	8.634818099316243	27.474103071346207
3.575	8.634818099316245	27.448443282769215
3.58	8.634818099316245	27.41974399310054
3.585	8.634818099316247	27.388003203369248
3.59	8.634818099316245	27.353220545467835
3.595	8.634818099316247	27.315397183769754
3.6	8.634818099316245	27.27453608411801
3.605	8.634818099316243	27.23064200292103
3.61	8.634818099316245	27.18372152553025
3.615	8.634818099316247	27.133783195470173
3.62	8.634818099316245	27.080837571342553
3.625	8.634818099316245	27.024897274268056
3.63	8.634818099316245	26.965977110040257
3.635	8.634818099316245	26.904094068837896
3.64	8.634818099316243	26.839267484594505
3.645	8.63481809931624	26.771518998520502
3.65	8.634818099316242	26.70086894927371
3.655	8.634818099316242	26.62735092619874
3.66	8.634818099316242	26.55099497522525
3.665	8.634818099316242	26.47182430690811
3.67	8.63481809931624	26.389877191376808
3.675	8.63481809931624	26.305190472479357
3.68	8.634818099316242	26.21780378921223
3.685	8.634818099316238	26.127759372058687
3.69	8.634818099316236	26.035102245478786
3.695	8.634818099316238	25.939880303345497
3.7	8.634818099316236	25.84214412027607
3.705	8.634818099316238	25.741947045970832
3.71	8.634818099316236	25.63934536096163
3.715	8.634818099316234	25.53439801913854
3.72	8.634818099316236	25.42716681323745
3.725	8.634818099316238	25.31771630793558
3.73	8.634818099316238	25.20611382660005
3.735	8.63481809931624	25.09242941263158
3.74	8.634818099316245	24.976735789811812
3.745	8.634818099316243	24.85910832961936
3.75	8.634818099316245	24.73962493868421
3.755	8.63481809931626	24.618366261910005
3.76	8.634818099316268	24.495415015825
3.765	8.634818099316277	24.370856792004435
3.77	8.634818099316243	24.24477916300895
3.775	8.634818099316243	24.117272010801443
3.78	8.634818099316245	23.988427332595535
3.785	8.634818099316245	23.85833916313405
3.79	8.634818099316243	23.72710344921615
3.795	8.634818099316245	23.59481781947836
3.8	8.634818099316245	23.461581815109323
3.805	8.634818099316243	23.327496285427788
3.81	8.634818099316245	23.192663524567454
3.815	8.634818099316243	23.057187057790916
3.82	8.634818099316245	22.921171542219575
3.825	8.634818099316242	22.784722511396144
3.83	8.634818099316243	22.647946249509012
3.835	8.634818099316243	22.51094968327494
3.84	8.634818099316242	22.37384019490604
3.845	8.634818099316249	22.236725279066615
3.85	8.634818099316243	22.099712555194834
3.855	8.634818099316243	21.96290949186241
3.86	8.634818099316243	21.826423230409507
3.865	8.634818099316243	21.690360382172614
3.87	8.634818099316243	21.5548268444165
3.875	8.634818099316243	21.419927609810667
3.88	8.634818099316242	21.28576655098666
3.885	8.63481809931539	21.152446227900843
3.89	8.634818099315169	21.020067687683657
3.895	8.634818099316242	20.888730284921277
3.9	8.634818099316245	20.75853145451433
3.905	8.634818099316243	20.629566583304886
3.91	8.634818099315174	20.50192875755724
3.915	8.634818099315398	20.375708578999983
3.92	8.634818099316243	20.25099401704135
3.925	8.634818099316243	20.127870209646098
3.93	8.634818099316243	20.00641931302596
3.935	8.634818099316242	19.88672033480912
3.94	8.634818099316242	19.768848911032222
3.945	8.634818099316242	19.652877330888703
3.95	8.634818099316243	19.538874185872196
3.955	8.634818099316249	19.426904378889578
3.96	8.634818099316243	19.317028942950436
3.965	8.634818099316243	19.209304943829213
3.97	8.634818099316245	19.103785393280095
3.975	8.634818099316243	19.00051912404197
3.98	8.634818099316243	18.899550761099473
3.985	8.634818099316245	18.800920592573487
3.99	8.634818099316245	18.704664558664266
3.995	8.634818099316243	18.610814189206604
4.0	8.634818099316243	18.51939657047141
4.005	8.634818099316243	18.430434363865633
4.01	8.634818099316243	18.343945724423264
4.015	8.634818099316243	18.25994440524349
4.02	8.634818099316245	18.178439661807666
4.025	8.634818099316243	18.099436419508162
4.03	8.634818099316243	18.022935181245895
4.035	8.634818099316275	17.94893215111385
4.04	8.634818099316266	17.877419378749085
4.045	8.63481809931626	17.808384682911885
4.05	8.634818099316245	17.74181185780685
4.055	8.634818099316243	17.677680737179134
4.06	8.634818099316243	17.615967342891135
4.065	8.634818099316238	17.55664396987223
4.07	8.634818099316234	17.499679330476123
4.075	8.634818099316234	17.445038745096493
4.08	8.634818099316233	17.39268421465378
4.085	8.634818099316236	17.34257465193073
4.09	8.634818099316234	17.29466603215598
4.095	8.634818099316238	17.2489115541108
4.1	8.634818099316238	17.20526183442497
4.105	8.634818099316236	17.16366510105048
4.11	8.634818099316238	17.12406737021502
4.115	8.634818099348918	17.086412833438043
4.12	8.634818099345496	17.050643371951082
4.125	8.63481809934221	17.01669973732722
4.13	8.634818099339117	16.98452114241646
4.135	8.634818099336254	16.954045594563297
4.14	8.634818099333636	16.925210058638203
4.145	8.634818099331262	16.897950759006452
4.15	8.63481810028552	16.872203344450032
4.155	8.634818100083422	16.847903006451784
4.16	8.634818099921912	16.82498480527747
4.165	8.6348180997932	16.80338372064822
4.17	8.63481809969089	16.783035013468517
4.175	8.634818099609785	16.763874179406457
4.18	8.634818099545662	16.745837347190257
4.185	8.634818099495101	16.728861336916335
4.19	8.634818099455337	16.712883835040465
4.195	8.634818099424143	16.697843593448034
4.2	8.634818099399737	16.68368043341278
4.205	8.634818099380695	16.670335610883352
4.21	8.634818099365873	16.657751805186557
4.215	8.634818099354364	16.645873264742004
4.22	8.634818099345452	16.634645945368842
4.225	8.634818099338569	16.624017623831648
4.23	8.634818099333266	16.61393784256528
4.235	8.634818099329191	16.604358295312544
4.24	8.634818099326068	16.595232660122395
4.245	8.634818099323681	16.586516785889177
4.25	8.634818099321858	16.57816873100718
4.255	8.634818099320476	16.570148709423705
4.26	8.634818099319416	16.562419308761342
4.265	8.634818099318625	16.554945445104174
4.27	8.634818099318023	16.547694352003116
4.275	8.634818099317572	16.540635675072426
4.28	8.634818099317235	16.53374138514892
4.285	8.63481809931698	16.526985872822237
4.29	8.634818099316792	16.520345844507453
4.295	8.63481809931665	16.51380043861138
4.3	8.634818099316545	16.507331101211037
4.305	8.63481809931647	16.500921581104876
4.31	8.634818099316416	16.494557918948175
4.315	8.634818099316375	16.48822841900406
4.32	8.63481809931635	16.481923513883594
4.325	8.634818099316332	16.475635855525752
4.33	8.634818099316325	16.46936017719665
4.335	8.634818099316321	16.46309322600157
4.34	8.63481809931633	16.456833756121274
4.345	8.63481809931634	16.450582394152594
4.35	8.634818099316355	16.44434167280306
4.355	8.63481809931638	16.43811582077864
4.36	8.634818099316405	16.4319108304674
4.365	8.634818099316448	16.425734275176044
4.37	8.634818099316506	16.419595326213546
4.375	8.634818099316574	16.413504580228757
4.38	8.634818099316654	16.407474068500136
4.385	8.634818099316757	16.401517089635377
4.39	8.634818099316883	16.39564817588024
4.395	8.634818099317037	16.389883023658324
4.4	8.634818099317227	16.384238366961082
4.405	8.634818099317457	16.37873195381087
4.41	8.634818099317735	16.373382341671388
4.415	8.634818099318071	16.36820912022009
4.42	8.634818099318473	16.363232347308973
4.425	8.63481809931896	16.358472858653617
4.43	8.634818099319531	16.353952015686353
4.435	8.634818099320215	16.34969172871228
4.44	8.634818099321018	16.345714256571966
4.445	8.634818099321961	16.342042139721123
4.45	8.634818099323061	16.33869823347521
4.455	8.634818099324333	16.335705502836284
4.46	8.6348180993258	16.333087001680504
4.465	8.63481809932748	16.330865789061395
4.47	8.634818099329388	16.329064881530034
4.475	8.634818099331541	16.32770702475186
4.48	8.634818099333938	16.326814842663765
4.485	8.63481809933659	16.326410589185237
4.49	8.634818099339487	16.326516195475534
4.495	8.634818099342601	16.327153043597157
4.5	8.634818099345905	16.32834205649247
4.505	8.634818099349342	16.330103498767585
4.51	8.63481809931624	16.332456963184164
4.515	8.634818099316238	16.33542139585323
4.52	8.634818099316238	16.339014745584922
4.525	8.634818099316238	16.343254226917146
4.53	8.634818099316238	16.34815603489057
4.535	8.634818099316236	16.35373540262885
4.54	8.634818099316236	16.360006445370924
4.545	8.634818099316238	16.366982157213872
4.55	8.63481809931624	16.374674341204177
4.555	8.63481809931624	16.383093525352113
4.56	8.634818099316243	16.392249048375287
4.565	8.634818099316249	16.402148800071238
4.57	8.634818099316243	16.41279930443539
4.575	8.634818099316263	16.42420564878581
4.58	8.634818099316274	16.436371478799586
4.585	8.634818099316282	16.44929887581293
4.59	8.634818099316247	16.46298845040685
4.595	8.634818099316249	16.47743923426086
4.6	8.634818099316249	16.49264863168629
4.605	8.63481809931625	16.508612460236105
4.61	8.63481809931625	16.525324920756923
4.615	8.634818099316249	16.542778591648776
4.62	8.63481809931625	16.56096441946739
4.625	8.63481809931625	16.57987172097646
4.63	8.63481809931625	16.59948821039728
4.635	8.634818099316247	16.61979997279189
4.64	8.634818099316249	16.640791511606935
4.645	8.634818099316249	16.662445777155437
4.65	8.634818099316249	16.684744181455574
4.655	8.634818099316249	16.70766664353731
4.66	8.634818099316249	16.731191635875422
4.665	8.634818099316256	16.75529618653962
4.67	8.634818099316242	16.779955985271126
4.675	8.634818099316249	16.805145431022865
4.68	8.634818099316249	16.83083769461987
4.685	8.634818099316249	16.857004779108735
4.69	8.634818099316247	16.883617541203055
4.695	8.634818099316249	16.910645871165503
4.7	8.634818099316249	16.93805871824586
4.705	8.634818099315375	16.965824154697785
4.71	8.634818099315149	16.993909515127708
4.715	8.634818099316245	17.02228145456195
4.72	8.634818099316247	17.05090606389564
4.725	8.634818099316245	17.079748955701092
4.73	8.634818099315199	17.108775368605787
4.735	8.634818099315419	17.137950260177373
4.74	8.634818099316247	17.167238439595632
4.745	8.634818099316245	17.196604649032952
4.75	8.634818099316243	17.226013675129447
4.755	8.634818099316247	17.255430459994937
4.76	8.634818099316245	17.284820228853235
4.765	8.634818099316245	17.314148594109316
4.77	8.63481809931624	17.343381384014954
4.775	8.634818099316243	17.372485281993143
4.78	8.634818099316243	17.401427548832608
4.785	8.634818099316243	17.430176223169074
4.79	8.634818099316242	17.45870012066637
4.795	8.634818099316243	17.486969056229828
4.8	8.634818099316243	17.514953950581948
4.805	8.634818099316243	17.542626680973505
4.81	8.634818099316243	17.569960425443707
4.815	8.634818099316242	17.596929563295795
4.82	8.634818099316242	17.6235098407328
4.825	8.634818099316242	17.649678382950526
4.83	8.634818099316242	17.675413740854566
4.835	8.634818099316242	17.70069594008006
4.84	8.634818099316242	17.725506593944594
4.845	8.634818099316242	17.749828764578275
4.85	8.63481809931624	17.773647250346134
4.855	8.634818099316274	17.796948371011663
4.86	8.634818099316263	17.819720108534266
4.865	8.634818099316254	17.84195207152427
4.87	8.634818099316238	17.863635526391654
4.875	8.63481809931624	17.88476330222785
4.88	8.634818099316236	17.905329882944315
4.885	8.634818099316236	17.92533145029058
4.89	8.634818099316233	17.944765521738326
4.895	8.634818099316231	17.963631337031185
4.9	8.634818099316233	17.981929539614104
4.905	8.634818099316231	17.999662369522273
4.91	8.634818099316234	18.01683327201797
4.915	8.634818099316234	18.03344713844051
4.92	8.634818099316233	18.049510111463274
4.925	8.634818099316233	18.065029544322503
4.93	8.634818099316234	18.08001390412954
4.935	8.634818099316234	18.094472715366773
4.94	8.634818099316233	18.108416670625058
4.945	8.634818099316236	18.12185711682494
4.95	8.634818099316236	18.134807165551983
4.955	8.634818099316236	18.147278194968685
4.96	8.63481809931624	18.159284573380734
4.965	8.634818099316234	18.17084046421363
4.97	8.634818099316236	18.18196045102599
4.975	8.634818099316242	18.192659534345154
4.98	8.634818099316238	18.2029529272689
4.985	8.634818099316238	18.212856013272177
4.99	8.634818099316243	18.222384253117305
4.995	8.634818099316242	18.231553102109128
5.0	8.634818099316243	18.240377878503406
