-3.633623821379553753e+00 1.958859793488977905e-11
-3.621710533339139282e+00 6.356634069782736239e-11
-3.609797245298725699e+00 2.005042307481040118e-10
-3.597883957258311227e+00 6.147412518485227188e-10
-3.585970669217897644e+00 1.832034644008176575e-09
-3.574057381177483173e+00 5.306981151853184595e-09
-3.562144093137069589e+00 1.494286895056648036e-08
-3.550230805096655118e+00 4.089715196127475316e-08
-3.538317517056241535e+00 1.087989875311033556e-07
-3.526404229015827063e+00 2.813386879486593300e-07
-3.514490940975413480e+00 7.071426289821779227e-07
-3.502577652934999008e+00 1.727657822751090889e-06
-3.490664364894585425e+00 4.102814286463941405e-06
-3.478751076854170954e+00 9.470649518307796378e-06
-3.466837788813756482e+00 2.124965787902596432e-05
-3.454924500773342899e+00 4.634459226678657405e-05
-3.443011212732928428e+00 9.824762394556999824e-05
-3.431097924692514844e+00 2.024520464391445413e-04
-3.419184636652100373e+00 4.055095886927765703e-04
-3.407271348611686790e+00 7.895166104788097373e-04
-3.395358060571272318e+00 1.494189921184281350e-03
-3.383444772530858735e+00 2.748774362095900842e-03
-3.371531484490444264e+00 4.915493238880886372e-03
-3.359618196450030680e+00 8.544722793448904924e-03
-3.347704908409616209e+00 1.443918973370921476e-02
-3.335791620369202626e+00 2.372011486813732986e-02
-3.323878332328788154e+00 3.788266514941687757e-02
-3.311965044288374571e+00 5.882232340615981686e-02
-3.300051756247960100e+00 8.880962622336520396e-02
-3.288138468207546516e+00 1.303905791956613269e-01
-3.276225180167132045e+00 1.861964527165255456e-01
-3.264311892126717574e+00 2.586612652592802930e-01
-3.252398604086303990e+00 3.496677522807523641e-01
-3.240485316045889519e+00 4.601696960774369072e-01
-3.228572028005475936e+00 5.898635959681447494e-01
-3.216658739965061464e+00 7.369968818158170176e-01
-3.204745451924647881e+00 8.983942430635176724e-01
-3.192832163884233410e+00 1.069752421263510112e+00
-3.180918875843819826e+00 1.246197862168436199e+00
-3.169005587803405355e+00 1.423030490179871821e+00
-3.157092299762991772e+00 1.596508259763386839e+00
-3.145179011722577300e+00 1.764483156906433203e+00
-3.133265723682163717e+00 1.926699953483874905e+00
-3.121352435641749246e+00 2.084624626482639798e+00
-3.109439147601334774e+00 2.240774819065780576e+00
-3.097525859560921191e+00 2.397657769398042760e+00
-3.085612571520506719e+00 2.556546419394237546e+00
-3.073699283480093136e+00 2.716402940346925199e+00
-3.061785995439678665e+00 2.873260321906708548e+00
-3.049872707399265082e+00 3.020286477242167145e+00
-3.037959419358850610e+00 3.148596906363322123e+00
-3.026046131318437027e+00 3.248690602625714963e+00
-3.014132843278022555e+00 3.312212535243029166e+00
-3.002219555237608972e+00 3.333645610693211747e+00
-2.990306267197194501e+00 3.311538095799372527e+00
-2.978392979156780918e+00 3.248981978351221489e+00
-2.966479691116366446e+00 3.153244611691705224e+00
-2.954566403075951975e+00 3.034667311773071141e+00
-2.942653115035538391e+00 2.905119566200865311e+00
-2.930739826995123920e+00 2.776386419886739620e+00
-2.918826538954710337e+00 2.658846231074869060e+00
-2.906913250914295865e+00 2.560676794788094401e+00
-2.894999962873882282e+00 2.487650229612746955e+00
-2.883086674833467811e+00 2.443398273770407858e+00
-2.871173386793054227e+00 2.429905545733695327e+00
-2.859260098752639756e+00 2.447955701732429823e+00
-2.847346810712226173e+00 2.497320756365302596e+00
-2.835433522671811701e+00 2.576621642109644394e+00
-2.823520234631398118e+00 2.682949335370429012e+00
-2.811606946590983647e+00 2.811463802758513708e+00
-2.799693658550569175e+00 2.955236450097274314e+00
-2.787780370510155592e+00 3.105550301775982902e+00
-2.775867082469742009e+00 3.252733469219058815e+00
-2.763953794429327537e+00 3.387418200274497249e+00
-2.752040506388913066e+00 3.501949670126071279e+00
-2.740127218348499483e+00 3.591573713655407118e+00
-2.728213930308085011e+00 3.655048232214703319e+00
-2.716300642267671428e+00 3.694452568952046878e+00
-2.704387354227256957e+00 3.714179833767589312e+00
-2.692474066186843373e+00 3.719328690972953932e+00
-2.680560778146428902e+00 3.713894065512704845e+00
-2.668647490106015319e+00 3.699233695906958719e+00
-2.656734202065600847e+00 3.673233298298732574e+00
-2.644820914025187264e+00 3.630420461209787231e+00
-2.632907625984772793e+00 3.563034868405481337e+00
-2.620994337944359209e+00 3.462818977107926965e+00
-2.609081049903944738e+00 3.323116729884213250e+00
-2.597167761863530266e+00 3.140804448416902428e+00
-2.585254473823116683e+00 2.917639096726335257e+00
-2.573341185782702212e+00 2.660769388268421576e+00
-2.561427897742288629e+00 2.382362743702407304e+00
-2.549514609701874157e+00 2.098494669075129604e+00
-2.537601321661460574e+00 1.827575537632188496e+00
-2.525688033621046102e+00 1.588626566004196272e+00
-2.513774745580632519e+00 1.399666082208802731e+00
-2.501861457540218048e+00 1.276359535627756392e+00
-2.489948169499803576e+00 1.230967116670492967e+00
-2.478034881459389993e+00 1.271535300891072584e+00
-2.466121593418976410e+00 1.401251858389137794e+00
-2.454208305378561938e+00 1.617922683662275096e+00
-2.442295017338147467e+00 1.913613034906856525e+00
-2.430381729297733884e+00 2.274587012815926013e+00
-2.418468441257320301e+00 2.681733280407174291e+00
-2.406555153216905829e+00 3.111647343072008187e+00
-2.394641865176491358e+00 3.538438721621281147e+00
-2.382728577136077774e+00 3.936161903937389184e+00
-2.370815289095663303e+00 4.281577187862089851e+00
-2.358902001055249720e+00 4.556791427205753031e+00
-2.346988713014835248e+00 4.751266867060794930e+00
-2.335075424974421665e+00 4.862754174288308029e+00
-2.323162136934007194e+00 4.896902207778810023e+00
-2.311248848893593610e+00 4.865580392225544948e+00
-2.299335560853179139e+00 4.784247256527963010e+00
-2.287422272812764668e+00 4.668928076848790631e+00
-2.275508984772351084e+00 4.533458195220621434e+00
-2.263595696731937501e+00 4.387576113995295124e+00
-2.251682408691523030e+00 4.236229231090306691e+00
-2.239769120651108558e+00 4.080145680366053185e+00
-2.227855832610694975e+00 3.917413864055298678e+00
-2.215942544570280504e+00 3.745581740018267602e+00
-2.204029256529866920e+00 3.563699492626314136e+00
-2.192115968489452449e+00 3.373798003162726378e+00
-2.180202680449038866e+00 3.181492128133200481e+00
-2.168289392408624394e+00 2.995658126246951269e+00
-2.156376104368210811e+00 2.827380572433285888e+00
-2.144462816327796340e+00 2.688527258599055170e+00
-2.132549528287381868e+00 2.590351339733452996e+00
-2.120636240246968285e+00 2.542437519352700015e+00
-2.108722952206554702e+00 2.552139405678781614e+00
-2.096809664166140230e+00 2.624458833089423848e+00
-2.084896376125725759e+00 2.762161108940980547e+00
-2.072983088085312176e+00 2.965854680548141609e+00
-2.061069800044897704e+00 3.233811517715789119e+00
-2.049156512004484121e+00 3.561450393150362714e+00
-2.037243223964069649e+00 3.940600567906758833e+00
-2.025329935923656066e+00 4.358839851747931426e+00
-2.013416647883241595e+00 4.799291382501103875e+00
-2.001503359842828011e+00 5.241223621027349289e+00
-1.989590071802413540e+00 5.661623572901008927e+00
-1.977676783761999069e+00 6.037644766764194593e+00
-1.965763495721585485e+00 6.349545797180588202e+00
-1.953850207681171902e+00 6.583523293236151375e+00
-1.941936919640757431e+00 6.733781507653952225e+00
-1.930023631600342959e+00 6.803304714514788465e+00
-1.918110343559929376e+00 6.803087356101680250e+00
-1.906197055519515793e+00 6.749955665203224875e+00
-1.894283767479101321e+00 6.663475308502602168e+00
-1.882370479438686850e+00 6.562674018160599587e+00
-1.870457191398273267e+00 6.463342063581857921e+00
-1.858543903357858795e+00 6.376491966802097622e+00
-1.846630615317445212e+00 6.308213310304310539e+00
-1.834717327277030741e+00 6.260751643336078587e+00
-1.822804039236617157e+00 6.234295454621281429e+00
-1.810890751196202686e+00 6.228776972079994145e+00
-1.798977463155789103e+00 6.245035003622969150e+00
-1.787064175115374631e+00 6.284936480518047652e+00
-1.775150887074960160e+00 6.350428763811303057e+00
-1.763237599034546577e+00 6.441878059595167016e+00
-1.751324310994132993e+00 6.556318398979333217e+00
-1.739411022953718522e+00 6.686303676910845262e+00
-1.727497734913304051e+00 6.819897854319262542e+00
-1.715584446872890467e+00 6.942001782279923816e+00
-1.703671158832475996e+00 7.036801909714220926e+00
-1.691757870792062413e+00 7.090763909755946059e+00
-1.679844582751647941e+00 7.095395758966332345e+00
-1.667931294711234358e+00 7.049032956537247152e+00
-1.656018006670819886e+00 6.957146983977513521e+00
-1.644104718630406303e+00 6.831073270033637179e+00
-1.632191430589991832e+00 6.685479355673610513e+00
-1.620278142549577360e+00 6.535222814329354257e+00
-1.608364854509163777e+00 6.392387986620680529e+00
-1.596451566468750194e+00 6.264206026955876361e+00
-1.584538278428335722e+00 6.152287517254035443e+00
-1.572624990387921251e+00 6.053220067683639627e+00
-1.560711702347507668e+00 5.960220352256261123e+00
-1.548798414307094085e+00 5.865286208437060722e+00
-1.536885126266679613e+00 5.761232888438559741e+00
-1.524971838226265142e+00 5.643121724204296363e+00
-1.513058550185850670e+00 5.508845111290716190e+00
-1.501145262145437087e+00 5.358927076128687794e+00
-1.489231974105023504e+00 5.195835752974939048e+00
-1.477318686064609032e+00 5.023210443930127944e+00
-1.465405398024194561e+00 4.845356898911575172e+00
-1.453492109983780978e+00 4.667188750314214651e+00
-1.441578821943367394e+00 4.494560735712995303e+00
-1.429665533902952923e+00 4.334736820422235404e+00
-1.417752245862538452e+00 4.196636977050841821e+00
-1.405838957822124868e+00 4.090546701529498286e+00
-1.393925669781711285e+00 4.027141915644833148e+00
-1.382012381741296814e+00 4.015923987579438581e+00
-1.370099093700882342e+00 4.063395256367881458e+00
-1.358185805660468759e+00 4.171454962573837300e+00
-1.346272517620054288e+00 4.336504246751323066e+00
-1.334359229579640704e+00 4.549604454552914845e+00
-1.322445941539226233e+00 4.797769829148196941e+00
-1.310532653498811761e+00 5.066166166767001044e+00
-1.298619365458398178e+00 5.340721322133836324e+00
-1.286706077417984595e+00 5.610513396499849037e+00
-1.274792789377570124e+00 5.869336511001523427e+00
-1.262879501337155652e+00 6.116050848688501240e+00
-1.250966213296742069e+00 6.353649260291804879e+00
-1.239052925256328486e+00 6.587324312497418788e+00
-1.227139637215914014e+00 6.822092175753406096e+00
-1.215226349175499543e+00 7.060638692291869134e+00
-1.203313061135085960e+00 7.301962670958695334e+00
-1.191399773094672376e+00 7.541129073433378238e+00
-1.179486485054257905e+00 7.770093889324344971e+00
-1.167573197013843433e+00 7.979237216387130793e+00
-1.155659908973428962e+00 8.159048147727947509e+00
-1.143746620933015379e+00 8.301407226968757769e+00
-1.131833332892601796e+00 8.400105526109422627e+00
-1.119920044852187324e+00 8.450553627461451001e+00
-1.108006756811772853e+00 8.448956454259665350e+00
-1.096093468771359269e+00 8.391445630972102165e+00
-1.084180180730945686e+00 8.273692405379117432e+00
-1.072266892690531215e+00 8.091358840491757576e+00
-1.060353604650116743e+00 7.841439718156105521e+00
-1.048440316609703160e+00 7.524207449262205749e+00
-1.036527028569289577e+00 7.145213389909126356e+00
-1.024613740528875105e+00 6.716708555435467964e+00
-1.012700452488460634e+00 6.257954740374549907e+00
-1.000787164448046163e+00 5.794168581041093447e+00
-9.888738764076325793e-01 5.354190915305445664e+00
-9.769605883672189961e-01 4.967296357375973415e+00
-9.650473003268045247e-01 4.659761621360843264e+00
-9.531340122863900532e-01 4.451844895908475763e+00
-9.412207242459764700e-01 4.355694457458053392e+00
-9.293074362055628868e-01 4.374452767933647124e+00
-9.173941481651484153e-01 4.502532366651729845e+00
-9.054808601247339439e-01 4.726796292725397919e+00
-8.935675720843203607e-01 5.028242778719191008e+00
-8.816542840439067774e-01 5.383798033940650818e+00
-8.697409960034923060e-01 5.767944670608506463e+00
-8.578277079630778346e-01 6.154102065171380254e+00
-8.459144199226642513e-01 6.515854674778353228e+00
-8.340011318822497799e-01 6.828225965958062638e+00
-8.220878438418361966e-01 7.069178584508987839e+00
-8.101745558014217252e-01 7.221388692220824801e+00
-7.982612677610072538e-01 7.274141285791158928e+00
-7.863479797205936705e-01 7.225000338214391249e+00
-7.744346916801800873e-01 7.080802165925465630e+00
-7.625214036397656159e-01 6.857555988553586168e+00
-7.506081155993511445e-01 6.579019123300509087e+00
-7.386948275589375612e-01 6.274001564809551290e+00
-7.267815395185239780e-01 5.972764541098909419e+00
-7.148682514781095065e-01 5.703118524359683583e+00
-7.029549634376950351e-01 5.486926809172265607e+00
-6.910416753972814519e-01 5.337652670742003558e+00
-6.791283873568674245e-01 5.259372805429167741e+00
-6.672150993164529531e-01 5.247378846175403844e+00
-6.553018112760389258e-01 5.290181680455746438e+00
-6.433885232356248984e-01 5.372491635113733288e+00
-6.314752351952108711e-01 5.478615126035009553e+00
-6.195619471547968438e-01 5.595693311448427743e+00
-6.076486591143828164e-01 5.716288556090185935e+00
-5.957353710739687891e-01 5.839962194695142550e+00
-5.838220830335547618e-01 5.973645099604731890e+00
-5.719087949931407344e-01 6.130756650569624711e+00
-5.599955069527267071e-01 6.329169607892914051e+00
-5.480822189123126797e-01 6.588250270573152712e+00
-5.361689308718986524e-01 6.925327368364244229e+00
-5.242556428314846251e-01 7.352052165965071495e+00
-5.123423547910705977e-01 7.871186052717286330e+00
-5.004290667506565704e-01 8.474361832704179420e+00
-4.885157787102420990e-01 9.141285062644229242e+00
-4.766024906698280716e-01 9.840661955596171850e+00
-4.646892026294140443e-01 1.053287589031485183e+01
-4.527759145890000170e-01 1.117412805404133458e+01
-4.408626265485859896e-01 1.172147158035632231e+01
-4.289493385081719623e-01 1.213796972548548148e+01
-4.170360504677579350e-01 1.239715042957451807e+01
-4.051227624273439076e-01 1.248603554691199058e+01
-3.932094743869298803e-01 1.240627805994268762e+01
-3.812961863465158530e-01 1.217329245487198186e+01
-3.693828983061018256e-01 1.181363420622108684e+01
-3.574696102656877983e-01 1.136118948972528031e+01
-3.455563222252737710e-01 1.085290654027347479e+01
-3.336430341848597436e-01 1.032480019119944181e+01
-3.217297461444452722e-01 9.808800084623022997e+00
-3.098164581040312449e-01 9.330742587829876200e+00
-2.979031700636172175e-01 8.909507130002557673e+00
-2.859898820232031902e-01 8.557055559165924308e+00
-2.740765939827891629e-01 8.279013603585507752e+00
-2.621633059423751355e-01 8.075460238881653652e+00
-2.502500179019611082e-01 7.941737048407229160e+00
-2.383367298615470808e-01 7.869286583188838335e+00
-2.264234418211330535e-01 7.846688303802505260e+00
-2.145101537807190262e-01 7.861107364999197600e+00
-2.025968657403049988e-01 7.900271122161955262e+00
-1.906835776998909715e-01 7.954863743926200215e+00
-1.787702896594769442e-01 8.020956520836790560e+00
-1.668570016190629168e-01 8.101875099429802773e+00
-1.549437135786484454e-01 8.208842535971506038e+00
-1.430304255382344181e-01 8.359883434692578774e+00
-1.311171374978203907e-01 8.576818567133665638e+00
-1.192038494574063634e-01 8.880643435934755914e+00
-1.072905614169923361e-01 9.286044698205781600e+00
-9.537727337657830873e-02 9.796132705812562236e+00
-8.346398533616428139e-02 1.039855557156046117e+01
-7.155069729575025406e-02 1.106397138076576425e+01
-5.963740925533622672e-02 1.174742589442130658e+01
-4.772412121492219939e-02 1.239261267530443256e+01
-3.581083317450817205e-02 1.293841568965898148e+01
-2.389754513409414471e-02 1.332668377045714436e+01
-1.198425709368011738e-02 1.350995798949550952e+01
-7.096905326609004305e-05 1.345790463356078348e+01
1.184231898714838138e-02 1.316147326241493509e+01
2.375560702756240872e-02 1.263422688548886264e+01
3.566889506797643605e-02 1.191077991620648646e+01
4.758218310839046339e-02 1.104273094317380455e+01
5.949547114880449072e-02 1.009281601574726750e+01
7.140875918921851806e-02 9.128192686575212988e+00
8.332204722963254540e-02 8.213788735328503066e+00
9.523533527004657273e-02 7.406533018228410370e+00
1.071486233104606001e-01 6.751067030085614817e+00
1.190619113508746274e-01 6.277259793176066083e+00
1.309751993912886547e-01 5.999561447065555164e+00
1.428884874317026821e-01 5.917974396653748137e+00
1.548017754721167094e-01 6.020229796294796820e+00
1.667150635125307367e-01 6.284655306047279844e+00
1.786283515529447641e-01 6.683216503131140129e+00
1.905416395933592355e-01 7.184300723587983661e+00
2.024549276337732628e-01 7.754963191982304771e+00
2.143682156741872902e-01 8.362533745723247591e+00
2.262815037146013175e-01 8.975647562127747392e+00
2.381947917550153448e-01 9.564881081983454436e+00
2.501080797954293722e-01 1.010322574054743505e+01
2.620213678358433995e-01 1.056661632450100008e+01
2.739346558762574269e-01 1.093466254110217939e+01
2.858479439166714542e-01 1.119163502680186006e+01
2.977612319570854815e-01 1.132765410381964699e+01
3.096745199974995089e-01 1.133993894121277002e+01
3.215878080379135362e-01 1.123390688369954660e+01
3.335010960783275635e-01 1.102387325637245574e+01
3.454143841187415909e-01 1.073309601327801310e+01
3.573276721591560623e-01 1.039294429588206015e+01
3.692409601995700896e-01 1.004105322881163609e+01
3.811542482399836729e-01 9.718462550014866252e+00
3.930675362803981443e-01 9.465915840016601024e+00
4.049808243208117275e-01 9.319695329396303407e+00
4.168941123612261990e-01 9.307543132788593354e+00
4.288074004016397822e-01 9.445322644107976728e+00
4.407206884420542536e-01 9.735057279516304618e+00
4.526339764824687251e-01 1.016482153629185170e+01
4.645472645228823083e-01 1.071065896193837652e+01
4.764605525632967797e-01 1.134031030269791707e+01
4.883738406037103630e-01 1.201813459953795338e+01
5.002871286441248344e-01 1.271029596196543210e+01
5.122004166845384177e-01 1.338916138806426481e+01
5.241137047249528891e-01 1.403596745310051830e+01
5.360269927653664723e-01 1.464116613851230753e+01
5.479402808057809438e-01 1.520238738104104570e+01
5.598535688461945270e-01 1.572053763223106415e+01
5.717668568866089984e-01 1.619504208007384349e+01
5.836801449270225817e-01 1.661949787165635684e+01
5.955934329674370531e-01 1.697895404756051363e+01
6.075067210078515245e-01 1.724966897563671964e+01
6.194200090482651078e-01 1.740160207172117168e+01
6.313332970886795792e-01 1.740322348482900594e+01
6.432465851290931624e-01 1.722764748562291359e+01
6.551598731695076339e-01 1.685876115823312205e+01
6.670731612099212171e-01 1.629601003971544415e+01
6.789864492503356885e-01 1.555680730037582471e+01
6.908997372907492718e-01 1.467606042781841680e+01
7.028130253311637432e-01 1.370291491854363919e+01
7.147263133715773264e-01 1.269534725285462429e+01
7.266396014119917979e-01 1.171358498281564486e+01
7.385528894524053811e-01 1.081343951092202893e+01
7.504661774928198525e-01 1.004052456200033028e+01
7.623794655332334358e-01 9.426068524789522840e+00
7.742927535736479072e-01 8.984700255692287030e+00
7.862060416140623786e-01 8.714274103169140417e+00
7.981193296544759619e-01 8.597549479755780766e+00
8.100326176948904333e-01 8.605367852735925638e+00
8.219459057353040166e-01 8.700865595097672767e+00
8.338591937757184880e-01 8.844206474255846828e+00
8.457724818161320712e-01 8.997300290866959926e+00
8.576857698565465427e-01 9.127993842072353203e+00
8.695990578969601259e-01 9.213284859984771202e+00
8.815123459373745973e-01 9.241225537074500451e+00
8.934256339777881806e-01 9.211345570989333709e+00
9.053389220182026520e-01 9.133616228524239489e+00
9.172522100586162352e-01 9.026166010607653334e+00
9.291654980990307067e-01 8.912111937824828800e+00
9.410787861394451781e-01 8.815963221238783731e+00
9.529920741798587613e-01 8.760076286478282626e+00
9.649053622202732328e-01 8.761597925167059486e+00
9.768186502606868160e-01 8.830243693614816536e+00
9.887319383011012874e-01 8.967141129845119352e+00
1.000645226341514871e+00 9.164837165747771408e+00
1.012558514381929342e+00 9.408434768954572647e+00
1.024471802422342925e+00 9.677690026122506950e+00
1.036385090462757397e+00 9.949774651862691499e+00
1.048298378503170980e+00 1.020230527077969818e+01
1.060211666543585451e+00 1.041618330975821216e+01
1.072124954583999035e+00 1.057780367180943237e+01
1.084038242624413506e+00 1.068029256899913726e+01
1.095951530664827089e+00 1.072361889348159458e+01
1.107864818705241561e+00 1.071365477996712912e+01
1.119778106745656032e+00 1.066048146436868826e+01
1.131691394786069615e+00 1.057638126946461554e+01
1.143604682826484087e+00 1.047397743883162846e+01
1.155517970866897670e+00 1.036487033182903161e+01
1.167431258907312142e+00 1.025890744758457451e+01
1.179344546947725725e+00 1.016398934427281731e+01
1.191257834988140196e+00 1.008613899526418933e+01
1.203171123028553779e+00 1.002951309857417428e+01
1.215084411068968251e+00 9.996128164142024985e+00
1.226997699109381834e+00 9.985274174449120466e+00
1.238910987149796306e+00 9.992814159621776327e+00
1.250824275190209889e+00 1.001072680073810162e+01
1.262737563230624360e+00 1.002727191468178347e+01
1.274650851271037943e+00 1.002802578363436936e+01
1.286564139311452415e+00 9.997782474891494076e+00
1.298477427351866886e+00 9.923029896979862485e+00
1.310390715392280470e+00 9.794481350740161574e+00
1.322304003432694941e+00 9.609052401314315262e+00
1.334217291473108524e+00 9.370753166517559407e+00
1.346130579513522996e+00 9.090198899583434411e+00
1.358043867553936579e+00 8.782763599684525246e+00
1.369957155594351050e+00 8.465725269467077041e+00
1.381870443634764634e+00 8.154992955744951644e+00
1.393783731675179105e+00 7.862106061536434432e+00
1.405697019715592688e+00 7.592135962015768236e+00
1.417610307756007160e+00 7.342919873534811792e+00
1.429523595796420743e+00 7.105770197495989926e+00
1.441436883836835214e+00 6.867498099326808436e+00
1.453350171877249686e+00 6.613334942979886222e+00
1.465263459917663269e+00 6.330179507437476261e+00
1.477176747958077740e+00 6.009566638021845542e+00
1.489090035998491324e+00 5.649839798560355675e+00
1.501003324038905795e+00 5.257187492291152786e+00
1.512916612079319378e+00 4.845427933448867464e+00
1.524829900119733850e+00 4.434649168065994296e+00
1.536743188160147433e+00 4.048990084857773120e+00
1.548656476200561904e+00 3.713952078819894087e+00
1.560569764240975488e+00 3.453650591124184821e+00
1.572483052281389959e+00 3.288358670308749510e+00
1.584396340321803542e+00 3.232585497883134984e+00
1.596309628362218014e+00 3.293805288554519706e+00
1.608222916402631597e+00 3.471840215343176883e+00
1.620136204443046068e+00 3.758830045494031769e+00
1.632049492483460540e+00 4.139699807584432456e+00
1.643962780523874123e+00 4.593055236423618126e+00
1.655876068564288595e+00 5.092469338175742877e+00
1.667789356604702178e+00 5.608142221152832008e+00
1.679702644645116649e+00 6.108897400117142773e+00
1.691615932685530233e+00 6.564415909990555242e+00
1.703529220725944704e+00 6.947521799170636392e+00
1.715442508766358287e+00 7.236253640868476111e+00
1.727355796806772759e+00 7.415426160834016400e+00
1.739269084847186342e+00 7.477431644108066600e+00
1.751182372887600813e+00 7.422154627413013017e+00
1.763095660928014397e+00 7.256047738465423613e+00
1.775008948968428868e+00 6.990591407704446425e+00
1.786922237008842451e+00 6.640480856488768069e+00
1.798835525049256923e+00 6.221911435317971417e+00
1.810748813089671394e+00 5.751260193977703494e+00
1.822662101130084977e+00 5.244313843635308281e+00
1.834575389170499449e+00 4.716021444149734343e+00
1.846488677210913032e+00 4.180609607062848454e+00
1.858401965251327503e+00 3.651828908721989730e+00
1.870315253291741087e+00 3.143114357297041916e+00
1.882228541332155558e+00 2.667522225963633087e+00
1.894141829372569141e+00 2.237412663648597366e+00
1.906055117412983613e+00 1.863941041389248099e+00
1.917968405453397196e+00 1.556471849952169029e+00
1.929881693493811667e+00 1.322028939468425923e+00
1.941794981534225251e+00 1.164857451873315686e+00
1.953708269574639722e+00 1.086120998251275171e+00
1.965621557615054193e+00 1.083718432705105705e+00
1.977534845655467777e+00 1.152194424489108249e+00
1.989448133695882248e+00 1.282738421872383405e+00
2.001361421736295831e+00 1.463304868385480129e+00
2.013274709776710303e+00 1.678922838768038384e+00
2.025187997817123886e+00 1.912275096017811427e+00
2.037101285857538358e+00 2.144602611703105843e+00
2.049014573897951941e+00 2.356931400055772841e+00
2.060927861938366412e+00 2.531537743769614046e+00
2.072841149978779995e+00 2.653488161984497218e+00
2.084754438019194467e+00 2.712036382082334107e+00
2.096667726059608050e+00 2.701650016183840375e+00
2.108581014100022522e+00 2.622481824090290736e+00
2.120494302140436105e+00 2.480187443730649033e+00
2.132407590180850576e+00 2.285104002720723670e+00
2.144320878221265048e+00 2.050915863495373248e+00
2.156234166261678631e+00 1.793019082158568311e+00
2.168147454302093102e+00 1.526836569830806178e+00
2.180060742342506686e+00 1.266324990996634758e+00
2.191974030382921157e+00 1.022858519021396129e+00
2.203887318423334740e+00 8.045901606965557562e-01
2.215800606463749212e+00 6.162996941335051604e-01
2.227713894504162795e+00 4.596583633483788400e-01
2.239627182544577266e+00 3.337883248126527480e-01
2.251540470584990850e+00 2.359749408744477861e-01
2.263453758625405321e+00 1.623996045368535646e-01
2.275367046665818904e+00 1.087912175338643928e-01
2.287280334706233376e+00 7.093459985128207357e-02
2.299193622746647847e+00 4.501361513378514256e-02
2.311106910787061430e+00 2.779827750602128708e-02
2.323020198827475902e+00 1.670504713009775960e-02
2.334933486867889485e+00 9.767917479931520833e-03
2.346846774908303956e+00 5.557129324544442597e-03
2.358760062948717540e+00 3.075844053613883619e-03
2.370673350989132011e+00 1.656211430535775098e-03
2.382586639029545594e+00 8.675182883651984299e-04
2.394499927069960066e+00 4.420058674575100461e-04
2.406413215110373649e+00 2.190486111561427637e-04
2.418326503150788120e+00 1.055829955412915006e-04
2.430239791191201704e+00 4.949573310741662354e-05
2.442153079231616175e+00 2.256537128574218710e-05
2.454066367272029758e+00 1.000460789659925352e-05
2.465979655312444230e+00 4.313439331683667945e-06
2.477892943352858701e+00 1.808413346407854880e-06
2.489806231393272284e+00 7.372377844701782062e-07
2.501719519433686756e+00 2.922401585709501474e-07
2.513632807474100339e+00 1.126372913691106225e-07
2.525546095514514811e+00 4.221074451834846695e-08
2.537459383554928394e+00 1.537983744241910943e-08
2.549372671595342865e+00 5.448270207970799554e-09
2.561285959635756448e+00 1.876440123044115956e-09
2.573199247676170920e+00 6.283067196283816066e-10
2.585112535716584503e+00 2.045323619304498498e-10
2.597025823756998975e+00 6.472897573144596150e-11
2.608939111797412114e+00 1.991477577771988665e-11
