-8.633068180736945152e+00 2.176509240419074283e-12
-8.537472841259125644e+00 1.237470046549890591e-08
-8.441877501781306137e+00 1.131231655984320322e-05
-8.346282162303486629e+00 1.662689209418432646e-03
-8.250686822825667122e+00 3.929283046397667040e-02
-8.155091483347845838e+00 1.493039274328187005e-01
-8.059496143870026330e+00 9.227909344659110391e-02
-7.963900804392206823e+00 4.979268281896551129e-02
-7.868305464914387315e+00 2.510615775035925368e-01
-7.772710125436567807e+00 2.481000149851773362e-01
-7.677114785958748300e+00 5.011856538880633122e-02
-7.581519446480928792e+00 9.951948170141616812e-02
-7.485924107003109285e+00 1.455752091553692562e-01
-7.390328767525289777e+00 5.030074190936758421e-02
-7.294733428047468493e+00 1.740141087797512087e-01
-7.199138088569648986e+00 3.031555617858275875e-01
-7.103542749091829478e+00 9.645507137669970255e-02
-7.007947409614009970e+00 1.496489034033572640e-01
-6.912352070136190463e+00 3.114196984233398302e-01
-6.816756730658370955e+00 1.074287242720387697e-01
-6.721161391180551448e+00 2.503951567657096769e-02
-6.625566051702731940e+00 1.235598932438003172e-01
-6.529970712224912432e+00 1.652319647847774187e-01
-6.434375372747091149e+00 3.700049701153756976e-01
-6.338780033269273417e+00 6.728128149976166927e-01
-6.243184693791452133e+00 3.924131918277252162e-01
-6.147589354313632626e+00 3.247255650792085224e-01
-6.051994014835813118e+00 3.727226088339666288e-01
-5.956398675357993611e+00 1.638787135794283478e-01
-5.860803335880174103e+00 1.474698336723719305e-01
-5.765207996402354595e+00 3.374887296015034455e-01
-5.669612656924535088e+00 3.445945040754739286e-01
-5.574017317446713804e+00 5.147699942390733252e-01
-5.478421977968896073e+00 6.265878196399476963e-01
-5.382826638491074789e+00 3.400040874124016788e-01
-5.287231299013255281e+00 2.501791286743991760e-01
-5.191635959535435774e+00 5.807462106208722830e-01
-5.096040620057616266e+00 4.987350828244175860e-01
-5.000445280579796759e+00 5.054160851869613502e-01
-4.904849941101977251e+00 6.328186695626664138e-01
-4.809254601624157743e+00 7.194940824605899898e-01
-4.713659262146336459e+00 8.975217172451898096e-01
-4.618063922668518728e+00 1.053835222785410641e+00
-4.522468583190697444e+00 1.966229721093449401e+00
-4.426873243712877937e+00 1.599884502598667213e+00
-4.331277904235058429e+00 2.041811655050097762e+00
-4.235682564757238922e+00 2.492552564349531430e+00
-4.140087225279419414e+00 2.657117450214158350e+00
-4.044491885801599906e+00 3.807764014028466093e+00
-3.948896546323780399e+00 5.208372299594471677e+00
-3.853301206845959115e+00 5.087385926226271948e+00
-3.757705867368141384e+00 4.460135034075232596e+00
-3.662110527890320100e+00 4.273348877861512740e+00
-3.566515188412500592e+00 4.033121465138497896e+00
-3.470919848934681085e+00 4.265957833187643544e+00
-3.375324509456861577e+00 5.229794732136194391e+00
-3.279729169979042069e+00 4.981736073265644826e+00
-3.184133830501222562e+00 5.722749995525464151e+00
-3.088538491023402166e+00 6.434836077704332524e+00
-2.992943151545582658e+00 5.968605822649585058e+00
-2.897347812067763151e+00 7.998565704873006332e+00
-2.801752472589943643e+00 9.658036563745209691e+00
-2.706157133112123248e+00 7.930173878692960088e+00
-2.610561793634303740e+00 6.154047955293409977e+00
-2.514966454156484232e+00 7.155829107953186607e+00
-2.419371114678664725e+00 9.909367458738593371e+00
-2.323775775200845217e+00 1.009412359064165265e+01
-2.228180435723024821e+00 8.599726751506217681e+00
-2.132585096245205314e+00 9.342702622885076025e+00
-2.036989756767385806e+00 1.035153476170374276e+01
-1.941394417289566299e+00 1.021820873265645524e+01
-1.845799077811745903e+00 1.278850308822105752e+01
-1.750203738333926395e+00 1.199359290930219224e+01
-1.654608398856106888e+00 8.944548067021424131e+00
-1.559013059378287380e+00 4.500397311419180646e+00
-1.463417719900467873e+00 1.621867722968481251e+00
-1.367822380422647477e+00 1.157279355682402811e+00
-1.272227040944827969e+00 1.078691613816801897e+00
-1.176631701467008462e+00 7.572486188465524792e-01
-1.081036361989188954e+00 5.465358051400460715e-01
-9.854410225113685584e-01 5.108142604258708586e-01
-8.898456830335490508e-01 5.905634047090060346e-01
-7.942503435557295433e-01 6.927209555050599654e-01
-6.986550040779100357e-01 1.033111119988380233e+00
-6.030596646000905281e-01 7.710388559114791374e-01
-5.074643251222710205e-01 4.507970108351452287e-01
-4.118689856444515129e-01 8.057368984144066548e-01
-3.162736461666302290e-01 7.966541081240224864e-01
-2.206783066888107214e-01 3.009457308037085110e-01
-1.250829672109912138e-01 3.693621257127496227e-01
-2.948762773317170627e-02 4.542683614754092214e-01
6.610771174464780131e-02 7.494299128592672998e-01
1.617030512224673089e-01 1.093199823441292740e+00
2.572983907002868165e-01 6.222131624986450005e-01
3.528937301781063240e-01 4.605151181672347827e-01
4.484890696559258316e-01 1.008063317293464989e+00
5.440844091337453392e-01 7.667932665315722041e-01
6.396797486115666231e-01 5.264035962059906426e-01
7.352750880893861307e-01 5.815426995550261324e-01
8.308704275672056383e-01 5.857207991771863353e-01
9.264657670450251459e-01 5.639007914433136204e-01
1.022061106522844653e+00 5.981569824479863184e-01
1.117656446000664161e+00 7.743243979615110906e-01
1.213251785478483669e+00 1.115121328410910939e+00
1.308847124956303176e+00 5.729632418084149581e-01
1.404442464434122684e+00 2.012733748723102012e-01
1.500037803911943968e+00 3.310511515291928997e-01
1.595633143389763475e+00 3.314220234086929229e-01
1.691228482867582983e+00 4.276908044693231714e-01
1.786823822345402490e+00 7.313266995205851551e-01
1.882419161823221998e+00 9.872073062966859602e-01
1.978014501301041506e+00 9.857253701832101589e-01
2.073609840778861013e+00 7.451380938036094026e-01
2.169205180256680521e+00 4.734692581434730707e-01
2.264800519734500028e+00 3.365369571055252806e-01
2.360395859212321312e+00 3.575890490375236430e-01
2.455991198690140820e+00 6.538984923319526299e-01
2.551586538167960327e+00 6.491781458324501486e-01
2.647181877645779835e+00 1.029584114789324323e+00
2.742777217123599343e+00 7.197881108903109171e-01
2.838372556601418850e+00 3.887635931437222192e-01
2.933967896079238358e+00 3.984770326348840430e-01
3.029563235557057865e+00 8.908484574276492873e-01
3.125158575034877373e+00 9.159744310569100101e-01
3.220753914512698657e+00 5.330544272259084559e-01
3.316349253990518164e+00 6.858827451044871015e-01
3.411944593468337672e+00 6.443108791673759495e-01
3.507539932946157180e+00 7.672854414879851648e-01
3.603135272423976687e+00 4.739183925355940352e-01
3.698730611901796195e+00 7.701217863964818777e-01
3.794325951379615702e+00 1.620284407382604375e+00
3.889921290857435210e+00 1.367651085244717679e+00
3.985516630335254717e+00 9.223833335171990333e-01
4.081111969813076001e+00 1.009777500854667442e+00
4.176707309290895509e+00 1.042558134137185233e+00
4.272302648768715017e+00 5.228345073926392583e-01
4.367897988246534524e+00 5.631136877272857610e-01
4.463493327724354032e+00 6.864274296633201544e-01
4.559088667202173539e+00 2.964280883494674890e-01
4.654684006679993047e+00 8.428998286205175994e-01
4.750279346157812554e+00 1.529742630951276938e+00
4.845874685635632062e+00 1.187687963651687495e+00
4.941470025113453346e+00 6.785533106672391179e-01
5.037065364591272854e+00 5.453060699970292413e-01
5.132660704069092361e+00 8.165878792597787150e-01
5.228256043546911869e+00 7.659015911354741801e-01
5.323851383024731376e+00 1.097808468708524998e+00
5.419446722502550884e+00 1.485073567244515447e+00
5.515042061980370391e+00 1.286075691699241519e+00
5.610637401458189899e+00 1.721838378305888595e+00
5.706232740936009407e+00 1.080741128881303581e+00
5.801828080413830691e+00 7.594867776425064942e-01
5.897423419891650198e+00 1.193691484653595758e+00
5.993018759369469706e+00 8.630741495351144099e-01
6.088614098847289213e+00 7.431855413479285799e-01
6.184209438325108721e+00 1.152961088530861433e+00
6.279804777802928228e+00 1.356521449769427567e+00
6.375400117280747736e+00 1.067282219070599947e+00
6.470995456758567244e+00 1.804301764369510286e+00
6.566590796236386751e+00 2.020412129499180587e+00
6.662186135714208035e+00 7.405000878462053571e-01
6.757781475192027543e+00 7.778937833550596537e-01
6.853376814669847050e+00 8.033052464483891875e-01
6.948972154147666558e+00 1.031863402918386408e+00
7.044567493625486065e+00 1.590263168293420515e+00
7.140162833103305573e+00 1.261024095545201673e+00
7.235758172581125081e+00 1.472825615461419435e+00
7.331353512058944588e+00 1.390480179874727718e+00
7.426948851536764096e+00 1.560484049537167905e+00
7.522544191014585380e+00 1.877052392086290045e+00
7.618139530492403111e+00 1.350186218340144961e+00
7.713734869970224395e+00 1.437945051865404000e+00
7.809330209448042126e+00 1.597182566236586387e+00
7.904925548925863410e+00 1.441923466466335624e+00
8.000520888403684694e+00 1.467815550211226006e+00
8.096116227881502425e+00 1.095208565800514400e+00
8.191711567359323709e+00 8.592639299772844019e-01
8.287306906837141440e+00 1.197778716105755814e+00
8.382902246314962724e+00 1.527292285842793973e+00
8.478497585792780455e+00 1.394308184123988381e+00
8.574092925270601739e+00 1.455748963305230070e+00
8.669688264748419471e+00 1.155835093250469292e+00
8.765283604226240755e+00 7.703698996073600203e-01
8.860878943704062038e+00 9.204579603463741710e-01
8.956474283181879770e+00 7.320028429298004458e-01
9.052069622659701054e+00 1.109525485160745450e+00
9.147664962137518785e+00 1.067358051182538459e+00
9.243260301615340069e+00 4.311524056788779147e-01
9.338855641093157800e+00 5.347727649535770622e-01
9.434450980570979084e+00 4.546466810846004902e-01
9.530046320048796815e+00 1.777318211233410716e-01
9.625641659526618099e+00 3.829745209079453150e-01
9.721236999004435830e+00 3.655752982936355533e-01
9.816832338482257114e+00 3.469328565629282712e-01
9.912427677960078398e+00 4.226039692935048553e-01
1.000802301743789613e+01 3.332057590667912850e-01
1.010361835691571741e+01 7.939693316747684082e-02
1.019921369639353514e+01 3.328438418920699315e-03
1.029480903587135643e+01 2.262648893232656105e-05
1.039040437534917416e+01 2.474958189430808815e-08
1.048599971482699544e+01 4.353021318036183641e-12
