-8.671419891992783846e+00 1.088263980733958978e-12
-8.572011032957362886e+00 8.411196349946114708e-09
-8.472602173921945479e+00 9.012014239011617852e-06
-8.373193314886524519e+00 1.342720600139096125e-03
-8.273784455851103559e+00 2.852119141263611407e-02
-8.174375596815682599e+00 1.024637055404430397e-01
-8.074966737780261639e+00 1.099687768328334453e-01
-7.975557878744843343e+00 7.506949300678793235e-02
-7.876149019709422383e+00 1.703425453870441308e-01
-7.776740160674001423e+00 1.576257611966679906e-01
-7.677331301638582239e+00 7.974650757911694310e-02
-7.577922442603161279e+00 1.469564580875323823e-01
-7.478513583567742096e+00 9.749210474346825528e-02
-7.379104724532321136e+00 3.590476419736535196e-02
-7.279695865496900176e+00 1.661799168375564795e-01
-7.180287006461480992e+00 2.436353595513971737e-01
-7.080878147426060032e+00 1.394507408791064995e-01
-6.981469288390640848e+00 1.763974082589139514e-01
-6.882060429355219888e+00 2.425239900283823469e-01
-6.782651570319798928e+00 1.760011738914977475e-01
-6.683242711284379745e+00 3.076616454616472041e-01
-6.583833852248958785e+00 2.611180560960023600e-01
-6.484424993213539601e+00 1.612880944222983559e-01
-6.385016134178118641e+00 3.764386663207938688e-01
-6.285607275142697681e+00 3.308142818679336017e-01
-6.186198416107278497e+00 2.153164546122380840e-01
-6.086789557071857537e+00 3.413985994370234978e-01
-5.987380698036438353e+00 3.167439515253558935e-01
-5.887971839001017393e+00 3.397976530619988833e-01
-5.788562979965596433e+00 2.529897411060230139e-01
-5.689154120930177250e+00 1.720307521539528040e-01
-5.589745261894756290e+00 3.149338630156942598e-01
-5.490336402859337106e+00 2.609753846875136341e-01
-5.390927543823916146e+00 4.839352962270232483e-01
-5.291518684788495186e+00 7.170171437138066484e-01
-5.192109825753076002e+00 5.799514871015749584e-01
-5.092700966717655042e+00 5.588211930544699779e-01
-4.993292107682235859e+00 4.662790536920275453e-01
-4.893883248646814899e+00 6.667833535034380921e-01
-4.794474389611393939e+00 5.532064124176016007e-01
-4.695065530575972979e+00 5.677956610572920670e-01
-4.595656671540553795e+00 1.172438646800428197e+00
-4.496247812505134611e+00 1.881565524625171903e+00
-4.396838953469713651e+00 1.749004294201632836e+00
-4.297430094434292691e+00 1.925589473308483290e+00
-4.198021235398871731e+00 1.896858784397245534e+00
-4.098612376363452547e+00 2.320467883246475793e+00
-3.999203517328033364e+00 3.223694903522029698e+00
-3.899794658292612404e+00 4.265383730963860920e+00
-3.800385799257191444e+00 4.640057878330945407e+00
-3.700976940221770484e+00 4.473710194368600845e+00
-3.601568081186351300e+00 3.669593820090624181e+00
-3.502159222150932116e+00 4.206994275160796271e+00
-3.402750363115511156e+00 4.986190646631928125e+00
-3.303341504080090196e+00 4.908391326127043541e+00
-3.203932645044669236e+00 5.057897612532313403e+00
-3.104523786009250053e+00 5.027411216346130196e+00
-3.005114926973829981e+00 5.874597593622818970e+00
-2.905706067938409021e+00 7.355228171025089523e+00
-2.806297208902988949e+00 8.436215204842907767e+00
-2.706888349867568877e+00 1.002063846211032150e+01
-2.607479490832148805e+00 1.045914439369567539e+01
-2.508070631796727845e+00 9.603383490158574176e+00
-2.408661772761307773e+00 7.530145228827283432e+00
-2.309252913725887701e+00 8.451513379845948748e+00
-2.209844054690467630e+00 8.188319846647035050e+00
-2.110435195655047558e+00 7.061380790440969335e+00
-2.011026336619626598e+00 9.158031982899011325e+00
-1.911617477584206526e+00 1.000315361496336841e+01
-1.812208618548786454e+00 1.016785103042827210e+01
-1.712799759513366382e+00 1.195606592244575417e+01
-1.613390900477945422e+00 1.152807875535065563e+01
-1.513982041442525350e+00 6.430775897183848677e+00
-1.414573182407105278e+00 2.691002517927410409e+00
-1.315164323371685207e+00 1.411082648007247808e+00
-1.215755464336265135e+00 1.048303983755478841e+00
-1.116346605300844175e+00 5.422459324742536779e-01
-1.016937746265424103e+00 3.577204565011117832e-01
-9.175288872300040310e-01 6.010125023731206495e-01
-8.181200281945839592e-01 9.096186885585568760e-01
-7.187111691591629992e-01 1.170767759728191582e+00
-6.193023101237438155e-01 6.234978526009103961e-01
-5.198934510883228555e-01 4.200709724593519323e-01
-4.204845920529018954e-01 3.343367824277249101e-01
-3.210757330174827118e-01 2.970283257492062345e-01
-2.216668739820617517e-01 1.096545830712843506e+00
-1.222580149466425681e-01 1.279529256947906868e+00
-2.284915591122160805e-02 7.276900323725996600e-01
7.655970312419935198e-02 5.234728145660026977e-01
1.759685621596185356e-01 3.987013031858784307e-01
2.753774211950394957e-01 3.551502167073986582e-01
3.747862802304586793e-01 5.366775132785887026e-01
4.741951392658796394e-01 7.587416259475014968e-01
5.736039983013005994e-01 1.096251698621341086e+00
6.730128573367197831e-01 8.575519935961782858e-01
7.724217163721407431e-01 4.723433456236520445e-01
8.718305754075599268e-01 3.169628513401231973e-01
9.712394344429808868e-01 3.860854422195899582e-01
1.070648293478401847e+00 5.550144963022799471e-01
1.170057152513821030e+00 9.090182946114696572e-01
1.269466011549241991e+00 9.497596144448027244e-01
1.368874870584662951e+00 1.100869059263656968e+00
1.468283729620082134e+00 7.699386797357317125e-01
1.567692588655503094e+00 3.015278723233547620e-01
1.667101447690922278e+00 3.659221969532484020e-01
1.766510306726343238e+00 4.200241095368391631e-01
1.865919165761764198e+00 5.692719011915428062e-01
1.965328024797183382e+00 8.523951914764935633e-01
2.064736883832604342e+00 7.152223501493185642e-01
2.164145742868023525e+00 5.395549365703395939e-01
2.263554601903444485e+00 4.931550430837375876e-01
2.362963460938865445e+00 4.939785241015288708e-01
2.462372319974284629e+00 6.528667227052550315e-01
2.561781179009705589e+00 6.182125076251366869e-01
2.661190038045124773e+00 5.868772055345059524e-01
2.760598897080545733e+00 6.684357229230234454e-01
2.860007756115966693e+00 6.202436437928287027e-01
2.959416615151385876e+00 3.738567961598145417e-01
3.058825474186806836e+00 4.793893022999118347e-01
3.158234333222227797e+00 6.222129896543998617e-01
3.257643192257646980e+00 8.568140614511685627e-01
3.357052051293067940e+00 6.327938631049003781e-01
3.456460910328487124e+00 1.918559465938695363e-01
3.555869769363908084e+00 2.411155254926431457e-01
3.655278628399329044e+00 3.813689619562831701e-01
3.754687487434748228e+00 4.173723788098342991e-01
3.854096346470169188e+00 3.061841552231883701e-01
3.953505205505588371e+00 5.068272150276018628e-01
4.052914064541009331e+00 7.327199779966372395e-01
4.152322923576430291e+00 6.456139948198329481e-01
4.251731782611849475e+00 7.263511998644025525e-01
4.351140641647270435e+00 7.136865299408290397e-01
4.450549500682689619e+00 7.758437491335350433e-01
4.549958359718110579e+00 1.006784855457295347e+00
4.649367218753531539e+00 1.003813323567533278e+00
4.748776077788950722e+00 8.153324816696353450e-01
4.848184936824371682e+00 6.668646068559332951e-01
4.947593795859790866e+00 7.455244187015940271e-01
5.047002654895211826e+00 1.230006478846646711e+00
5.146411513930632786e+00 1.085157471119587491e+00
5.245820372966051970e+00 6.805983813569997931e-01
5.345229232001472930e+00 8.552813214878921544e-01
5.444638091036893890e+00 9.211948633046104229e-01
5.544046950072313074e+00 8.797957528583584264e-01
5.643455809107734034e+00 1.192748725825486966e+00
5.742864668143153217e+00 1.370670062151236879e+00
5.842273527178574177e+00 1.241399954234108316e+00
5.941682386213995137e+00 9.548398216934231852e-01
6.041091245249414321e+00 1.176255964117198349e+00
6.140500104284835281e+00 1.312768544577652019e+00
6.239908963320254465e+00 1.440836743421890720e+00
6.339317822355675425e+00 1.283271144608567393e+00
6.438726681391096385e+00 1.365484382734342361e+00
6.538135540426515568e+00 1.445386690909184368e+00
6.637544399461936528e+00 9.826684558796503488e-01
6.736953258497355712e+00 6.159335683426437891e-01
6.836362117532776672e+00 7.831650579265252432e-01
6.935770976568197632e+00 9.971709835862241356e-01
7.035179835603616816e+00 9.885685875999323802e-01
7.134588694639037776e+00 1.252306000328948565e+00
7.233997553674458736e+00 1.434691713067607788e+00
7.333406412709879696e+00 1.081581975758316272e+00
7.432815271745297103e+00 9.214698405817299820e-01
7.532224130780718063e+00 1.361839827250914459e+00
7.631632989816139023e+00 1.599435279434436419e+00
7.731041848851559983e+00 1.371953934233440142e+00
7.830450707886980943e+00 1.275663671191618498e+00
7.929859566922398351e+00 1.113090798304762874e+00
8.029268425957820199e+00 1.008609066937375065e+00
8.128677284993241159e+00 1.408138651636050342e+00
8.228086144028662119e+00 1.525860564198503466e+00
8.327495003064083079e+00 1.259027056204713446e+00
8.426903862099500486e+00 1.201541351818930403e+00
8.526312721134921446e+00 1.326323118632731113e+00
8.625721580170342406e+00 1.293380506740073210e+00
8.725130439205763366e+00 1.236959043605781128e+00
8.824539298241184326e+00 1.385917706163489527e+00
8.923948157276601734e+00 1.312672738753078772e+00
9.023357016312022694e+00 1.201665469843637313e+00
9.122765875347443654e+00 1.195774612028167372e+00
9.222174734382864614e+00 1.154484941954170729e+00
9.321583593418285574e+00 1.258812781988310592e+00
9.420992452453702981e+00 1.128902554954225534e+00
9.520401311489123941e+00 9.848719438945398030e-01
9.619810170524544901e+00 7.587706378661610573e-01
9.719219029559965861e+00 5.143729805325080173e-01
9.818627888595386821e+00 6.611496946967551080e-01
9.918036747630804228e+00 8.788031803284281906e-01
1.001744560666622519e+01 8.921200015946146866e-01
1.011685446570164615e+01 5.735188715922363567e-01
1.021626332473706711e+01 3.853076418343969189e-01
1.031567218377248807e+01 4.377337088920313923e-01
1.041508104280790548e+01 2.193485742049910425e-01
1.051448990184332644e+01 2.375918174423771734e-02
1.061389876087874740e+01 3.125524795450414228e-02
1.071330761991416836e+01 7.829204407145549938e-02
1.081271647894958932e+01 2.748001261421669644e-02
1.091212533798501028e+01 1.336504857948872830e-03
1.101153419702042768e+01 9.006872474486525559e-06
1.111094305605584864e+01 8.410606989133801904e-09
1.121035191509126783e+01 1.088254620209537142e-12
