-8.170013788649303166e+00 9.794291581885835083e-12
-8.025227041131724803e+00 2.336475722211774556e-06
-7.880440293614149105e+00 8.419938196966588947e-03
-7.735653546096572519e+00 4.583697219369218256e-01
-7.590866798578997710e+00 3.769487677505970469e-01
-7.446080051061421123e+00 4.682827079495345719e-03
-7.301293303543844537e+00 8.788069580111955477e-07
-7.156506556026267951e+00 2.234238314529406497e-07
-7.011719808508691365e+00 2.012271728998442713e-03
-6.866933060991114779e+00 2.737840008416592696e-01
-6.722146313473538193e+00 5.634929271851483179e-01
-6.577359565955961607e+00 2.003624068369440625e-01
-6.432572818438386797e+00 6.498090395600530922e-01
-6.287786070920810211e+00 3.487608214512313148e-02
-6.142999323403233625e+00 2.827707897805529393e-05
-5.998212575885657039e+00 1.016013806156823696e-06
-5.853425828368080452e+00 5.112314397100875367e-03
-5.708639080850505643e+00 3.887254315229671242e-01
-5.563852333332927280e+00 4.465521032749503738e-01
-5.419065585815352470e+00 6.975470366437541703e-02
-5.274278838297775884e+00 1.273235387445982525e+00
-5.129492090780199298e+00 4.170250870055966508e-01
-4.984705343262622712e+00 6.206995235579993997e-01
-4.839918595745046126e+00 8.590958756638176208e-01
-4.695131848227471316e+00 2.297710569220791088e-01
-4.550345100709892954e+00 7.378915531077057111e-01
-4.405558353192318144e+00 1.865379333669025863e+00
-4.260771605674741558e+00 2.888476614084725558e+00
-4.115984858157164972e+00 1.845814184179134010e+00
-3.971198110639588386e+00 1.260022226856713612e+00
-3.826411363122011799e+00 4.423968369858217287e+00
-3.681624615604436990e+00 4.839540538532000724e+00
-3.536837868086858627e+00 4.319046449587033543e+00
-3.392051120569283817e+00 3.639801222628892496e+00
-3.247264373051707231e+00 5.643341684803657721e+00
-3.102477625534130645e+00 5.024955028333011775e+00
-2.957690878016554059e+00 5.015866319471184553e+00
-2.812904130498977473e+00 6.460647358835537091e+00
-2.668117382981401775e+00 1.149921240024630542e+01
-2.523330635463825189e+00 1.053977906365640749e+01
-2.378543887946248603e+00 7.422012655399934822e+00
-2.233757140428672905e+00 7.111201896997843441e+00
-2.088970392911096319e+00 7.469078562365253582e+00
-1.944183645393519733e+00 9.804279392390089498e+00
-1.799396897875943147e+00 8.487362033378188286e+00
-1.654610150358367449e+00 1.312358451584846719e+01
-1.509823402840790862e+00 1.095306877213349317e+01
-1.365036655323214276e+00 3.421555827687544404e+00
-1.220249907805638578e+00 2.083789017362947416e+00
-1.075463160288061992e+00 1.481477871504676802e+00
-9.306764127704854062e-01 3.145015533715872502e-02
-7.858896652529088200e-01 1.239376770862444285e-05
-6.411029177353331221e-01 2.481313413305532111e-06
-4.963161702177565360e-01 8.724953143103725620e-03
-3.515294227001799499e-01 4.641908525077580450e-01
-2.067426751826033637e-01 7.002501654282189403e-01
-6.195592766502766580e-02 2.733052527468015303e+00
8.283081985254892032e-02 4.385051568109361586e-01
2.276175673701255064e-01 5.237833168383720234e-02
3.724043148877020926e-01 6.939630021122300541e-01
5.171910624052786787e-01 9.362982956742160745e-01
6.619778099228534884e-01 1.698735278475819399e+00
8.067645574404300746e-01 8.433787771649280118e-02
9.515513049580066607e-01 2.845562315221695227e-01
1.096338052475583247e+00 5.519489617807804560e-01
1.241124799993159833e+00 1.617700254658093958e-02
1.385911547510736419e+00 7.162367421662355737e-06
1.530698295028313005e+00 2.537074990084247951e-07
1.675485042545887815e+00 2.814660720828587436e-03
1.820271790063464401e+00 4.726103333185643351e-01
1.965058537581040987e+00 1.307140440073230270e+00
2.109845285098617573e+00 1.423450658320914330e+00
2.254632032616194159e+00 6.077050379788875301e-01
2.399418780133770746e+00 1.322083532352666291e+00
2.544205527651347332e+00 3.821548923206461446e-01
2.688992275168922141e+00 1.349699318432835859e+00
2.833779022686498728e+00 9.062767144854995405e-02
2.978565770204075314e+00 3.176753674345269771e-03
3.123352517721651900e+00 4.712477620631900233e-01
3.268139265239228486e+00 1.608930785703268418e+00
3.412926012756805072e+00 4.816782777702636187e-01
3.557712760274381658e+00 7.198407956608571419e-03
3.702499507791956468e+00 1.272675753450598357e-01
3.847286255309533054e+00 6.916773381789289576e-01
3.992073002827109640e+00 5.812867233437831599e-02
4.136859750344686226e+00 2.317264228232115142e-01
4.281646497862262812e+00 6.399722679932144942e-01
4.426433245379839398e+00 1.157535502383200576e+00
4.571219992897415985e+00 1.234969819208508568e+00
4.716006740414990794e+00 1.810406740799833880e+00
4.860793487932567380e+00 1.212445263819795505e-01
5.005580235450143967e+00 7.865442269103906092e-01
5.150366982967720553e+00 1.569216002909739283e+00
5.295153730485297139e+00 2.749326627939086554e-01
5.439940478002873725e+00 1.225846259529594917e+00
5.584727225520450311e+00 1.149368415267626675e+00
5.729513973038025121e+00 9.905219649409697791e-01
5.874300720555601707e+00 1.304763704824544401e+00
6.019087468073178293e+00 5.281434693895370458e-01
6.163874215590754879e+00 7.352219409047022758e-01
6.308660963108331465e+00 9.637869472058960829e-01
6.453447710625908051e+00 1.655147833911744693e+00
6.598234458143484638e+00 1.668879583797510335e+00
6.743021205661061224e+00 1.590587142661982867e+00
6.887807953178636033e+00 6.848990833980966864e-01
7.032594700696212620e+00 6.330991668584519116e-01
7.177381448213789206e+00 1.096294482798640724e+00
7.322168195731365792e+00 1.021425255422854450e+00
7.466954943248942378e+00 1.114279798606009564e+00
7.611741690766518964e+00 1.282011558413973296e+00
7.756528438284095550e+00 2.094759861391755962e+00
7.901315185801672136e+00 2.733361300219986356e-01
8.046101933319246058e+00 1.128775380129289685e+00
8.190888680836824420e+00 1.946470744722534452e+00
8.335675428354399230e+00 5.893849961912460689e-01
8.480462175871974040e+00 2.101046568752345856e+00
8.625248923389552402e+00 1.712056207692599585e+00
8.770035670907127212e+00 3.610685284538690532e-01
8.914822418424705575e+00 1.433751618392252958e+00
9.059609165942280384e+00 1.635149558099434630e+00
9.204395913459858747e+00 1.686267640930591227e+00
9.349182660977433557e+00 2.233493624339611294e+00
9.493969408495008366e+00 3.002196826518023443e+00
9.638756156012586729e+00 1.194243072440495101e-01
9.783542903530161539e+00 7.179887472467789689e-01
9.928329651047739901e+00 1.428017042411255266e+00
1.007311639856531471e+01 1.362205379549301210e+00
1.021790314608289307e+01 2.335158195635562706e+00
1.036268989360046788e+01 6.735658283530893131e-01
1.050747664111804269e+01 1.994449135739957857e+00
1.065226338863562106e+01 9.857556069061759185e-01
1.079705013615319587e+01 9.768768176617562693e-01
1.094183688367077423e+01 2.764517481381227881e+00
1.108662363118834904e+01 1.418522851605322987e+00
1.123141037870592740e+01 1.602847870726958668e+00
1.137619712622350221e+01 1.967882496546148330e+00
1.152098387374107702e+01 2.499896452294520177e+00
1.166577062125865538e+01 1.372295137255301833e+00
1.181055736877623019e+01 2.776985790212973537e+00
1.195534411629380855e+01 2.897281112019218785e+00
1.210013086381138336e+01 1.840042268747831278e+00
1.224491761132896173e+01 5.411338876743935211e-01
1.238970435884653654e+01 8.988171986589896800e-01
1.253449110636411135e+01 8.658405081819456894e-01
1.267927785388168971e+01 1.470469658503766430e+00
1.282406460139926452e+01 2.018200371988795538e+00
1.296885134891684288e+01 2.701373673663200137e+00
1.311363809643441769e+01 2.776154343966950488e+00
1.325842484395199605e+01 1.307536257345622177e+00
1.340321159146957086e+01 1.544025246026494935e+00
1.354799833898714567e+01 3.488831689435495154e+00
1.369278508650472403e+01 2.012544371060604131e+00
1.383757183402229884e+01 1.535624016778693424e+00
1.398235858153987721e+01 1.149884851561228327e+00
1.412714532905745202e+01 3.427039831612558096e+00
1.427193207657503038e+01 7.214029508089727649e-01
1.441671882409260519e+01 7.229901618035995403e-01
1.456150557161018000e+01 4.915377221075757141e+00
1.470629231912775836e+01 3.159120082152127473e+00
1.485107906664533317e+01 7.233046743856473837e-01
1.499586581416291153e+01 1.617470306965377302e+00
1.514065256168048634e+01 1.697038840351470901e+00
1.528543930919806471e+01 4.798243249892680251e-01
1.543022605671563952e+01 3.063605920844745700e+00
1.557501280423321433e+01 1.664750033535626006e+00
1.571979955175079269e+01 3.193803254536604075e-01
1.586458629926836750e+01 8.465603463238359216e-01
1.600937304678594586e+01 1.414888884049589679e+00
1.615415979430352067e+01 1.788840403305377302e+00
1.629894654182109903e+01 7.135772191456741798e-01
1.644373328933867384e+01 3.996531930234926699e-01
1.658852003685624865e+01 1.747941259361705857e+00
1.673330678437382701e+01 1.021020856199606364e+00
1.687809353189140182e+01 1.284207040078526152e+00
1.702288027940898019e+01 6.446779941014182946e-02
1.716766702692655500e+01 2.838101905035937400e-01
1.731245377444413336e+01 6.018797163998964583e-01
1.745724052196170817e+01 6.979766039652181009e-01
1.760202726947928298e+01 1.428411001467753405e-01
1.774681401699686134e+01 4.520874464051490081e-04
1.789160076451443615e+01 2.161588362027579071e-08
1.803638751203201451e+01 3.472736625816656914e-10
1.818117425954958932e+01 2.833002551092314502e-05
1.832596100706716769e+01 3.499329321089329758e-02
1.847074775458474249e+01 7.296620753397162762e-01
1.861553450210231730e+01 1.478084219493145612e+00
1.876032124961989567e+01 4.084169686382342346e-01
1.890510799713747048e+01 6.802151197736165944e-01
1.904989474465504884e+01 1.473391439210906262e-01
1.919468149217262365e+01 4.833227933070836035e-04
1.933946823969020201e+01 2.395058854247497673e-08
1.948425498720777682e+01 2.405860994376679797e-10
1.962904173472535163e+01 2.200175098916428286e-05
1.977382848224292999e+01 3.039734917201974973e-02
1.991861522976050480e+01 6.344160596655646911e-01
2.006340197727808317e+01 2.047016229401890652e-01
2.020818872479565798e+01 3.779014047337558857e-01
2.035297547231323634e+01 4.583697904767985443e-01
2.049776221983081115e+01 8.419938197040455208e-03
2.064254896734838951e+01 2.336475722211186292e-06
2.078733571486596432e+01 9.794291581885835083e-12
