-3.628871438817554029e+00 1.958859798967148886e-11
-3.604227560632605076e+00 2.167195436549923474e-10
-3.579583682447657011e+00 2.123449134972012878e-09
-3.554939804262708059e+00 1.842616482589397118e-08
-3.530295926077759106e+00 1.416047461617958477e-07
-3.505652047892811041e+00 9.637653792689213930e-07
-3.481008169707862088e+00 5.809211273210034447e-06
-3.456364291522914023e+00 3.101119989696928957e-05
-3.431720413337965070e+00 1.466160900518479436e-04
-3.407076535153016117e+00 6.139288025129630054e-04
-3.382432656968068052e+00 2.276931041975585601e-03
-3.357788778783119099e+00 7.480307794564803117e-03
-3.333144900598170146e+00 2.177244048825460743e-02
-3.308501022413222081e+00 5.616495756152472402e-02
-3.283857144228273128e+00 1.284942518838214642e-01
-3.259213266043324175e+00 2.610403075958336316e-01
-3.234569387858376111e+00 4.720166323025973831e-01
-3.209925509673427158e+00 7.629724102752066806e-01
-3.185281631488478205e+00 1.110977321769250903e+00
-3.160637753303530140e+00 1.476282918338374328e+00
-3.135993875118581187e+00 1.825677056574232182e+00
-3.111349996933632234e+00 2.153815778164313688e+00
-3.086706118748684169e+00 2.478751289865557261e+00
-3.062062240563735216e+00 2.808263143130279804e+00
-3.037418362378787151e+00 3.106407736399130481e+00
-3.012774484193838198e+00 3.298543293602400617e+00
-2.988130606008889245e+00 3.320101432880256276e+00
-2.963486727823941180e+00 3.169184326541646168e+00
-2.938842849638992227e+00 2.915566965550833167e+00
-2.914198971454043274e+00 2.660149376935512233e+00
-2.889555093269095210e+00 2.484563033629341167e+00
-2.864911215084146257e+00 2.430929968794663054e+00
-2.840267336899198192e+00 2.511232510573570664e+00
-2.815623458714249239e+00 2.715863204953258059e+00
-2.790979580529300286e+00 3.005946746048387297e+00
-2.766335702344352221e+00 3.309638733109512732e+00
-2.741691824159403268e+00 3.547989462551066175e+00
-2.717047945974454315e+00 3.679465595794703336e+00
-2.692404067789506250e+00 3.719059910674312075e+00
-2.667760189604557297e+00 3.705270106537895014e+00
-2.643116311419608344e+00 3.643382368099017832e+00
-2.618472433234660279e+00 3.484020130954720962e+00
-2.593828555049711326e+00 3.163722448792817943e+00
-2.569184676864762373e+00 2.672917065169694961e+00
-2.544540798679814309e+00 2.091915017951448963e+00
-2.519896920494865356e+00 1.569012647891351753e+00
-2.495253042309916403e+00 1.263937785219320542e+00
-2.470609164124968338e+00 1.294141717815512571e+00
-2.445965285940019385e+00 1.699393672560929769e+00
-2.421321407755070432e+00 2.421026118891425050e+00
-2.396677529570122367e+00 3.300738258763590061e+00
-2.372033651385173414e+00 4.119142215809667107e+00
-2.347389773200225349e+00 4.678967536484112344e+00
-2.322745895015276396e+00 4.892893368495188078e+00
-2.298102016830328331e+00 4.811190366920781614e+00
-2.273458138645379378e+00 4.562294359629631479e+00
-2.248814260460430425e+00 4.254338133910483322e+00
-2.224170382275482361e+00 3.920791204382134687e+00
-2.199526504090533408e+00 3.547976832938467773e+00
-2.174882625905584455e+00 3.143193797799420430e+00
-2.150238747720636390e+00 2.771905981113471196e+00
-2.125594869535687437e+00 2.535680070706470168e+00
-2.100950991350738484e+00 2.523812806716219104e+00
-2.076307113165790419e+00 2.784528168855417096e+00
-2.051663234980841466e+00 3.322814677712909504e+00
-2.027019356795892513e+00 4.097203519439124975e+00
-2.002375478610944448e+00 5.002135931872126129e+00
-1.977731600425995495e+00 5.865615290909430790e+00
-1.953087722241046542e+00 6.500733710886074768e+00
-1.928443844056098477e+00 6.798100843675313421e+00
-1.903799965871149524e+00 6.787473993072739908e+00
-1.879156087686200571e+00 6.608081618927114320e+00
-1.854512209501252507e+00 6.410376993239976784e+00
-1.829868331316303554e+00 6.278363694572136389e+00
-1.805224453131354601e+00 6.232701112291938017e+00
-1.780580574946406536e+00 6.281943437976797107e+00
-1.755936696761457583e+00 6.441663783834974844e+00
-1.731292818576509518e+00 6.694417223353757329e+00
-1.706648940391560565e+00 6.950231988374067527e+00
-1.682005062206612500e+00 7.078433050789073810e+00
-1.657361184021663547e+00 6.999716423592098558e+00
-1.632717305836714594e+00 6.749642148230196703e+00
-1.608073427651766529e+00 6.445897536530823757e+00
-1.583429549466817576e+00 6.189928168528205710e+00
-1.558785671281868623e+00 5.997289287363169130e+00
-1.534141793096920559e+00 5.812396361126035416e+00
-1.509497914911971606e+00 5.574104241249269620e+00
-1.484854036727022653e+00 5.261157501560966843e+00
-1.460210158542074588e+00 4.891113646083009137e+00
-1.435566280357125635e+00 4.504707630682352359e+00
-1.410922402172176682e+00 4.167399197357028129e+00
-1.386278523987228617e+00 3.973260788986681558e+00
-1.361634645802279664e+00 4.015499521880576239e+00
-1.336990767617330711e+00 4.326778439212930927e+00
-1.312346889432382646e+00 4.843136264891511722e+00
-1.287703011247433693e+00 5.438394332988533364e+00
-1.263059133062484740e+00 6.008271480894547878e+00
-1.238415254877536675e+00 6.527809940118763699e+00
-1.213771376692587722e+00 7.029493325409761795e+00
-1.189127498507638769e+00 7.531677115866060923e+00
-1.164483620322690705e+00 7.995114368316309061e+00
-1.139839742137742640e+00 8.344006589749307423e+00
-1.115195863952792799e+00 8.510806302040494487e+00
-1.090551985767844734e+00 8.448578767388221777e+00
-1.065908107582896669e+00 8.115428801853378005e+00
-1.041264229397946828e+00 7.484233050397429032e+00
-1.016620351212998763e+00 6.597317847353818543e+00
-9.919764730280506981e-01 5.613128950342187728e+00
-9.673325948431017451e-01 4.778004886073402346e+00
-9.426887166581527921e-01 4.323569493728236068e+00
-9.180448384732047273e-01 4.361532055086117410e+00
-8.934009602882557743e-01 4.845648052774422787e+00
-8.687570821033068214e-01 5.606579170128989986e+00
-8.441132039183587565e-01 6.414832916163939913e+00
-8.194693257334098035e-01 7.036986718079315750e+00
-7.948254475484608506e-01 7.290130001451005981e+00
-7.701815693635127857e-01 7.105475842049143509e+00
-7.455376911785638328e-01 6.573441443605566370e+00
-7.208938129936148798e-01 5.918394273760801738e+00
-6.962499348086668149e-01 5.392123326957761975e+00
-6.716060566237178620e-01 5.148350467177807310e+00
-6.469621784387693531e-01 5.185490918505717417e+00
-6.223183002538208441e-01 5.392270195602286265e+00
-5.976744220688718912e-01 5.654698348823035126e+00
-5.730305438839233823e-01 5.949919763360091984e+00
-5.483866656989748734e-01 6.372287515640249644e+00
-5.237427875140263644e-01 7.076815351097492268e+00
-4.990989093290774115e-01 8.163812163139734679e+00
-4.744550311441289026e-01 9.564843278350727118e+00
-4.498111529591803937e-01 1.100859826735292657e+01
-4.251672747742314407e-01 1.211296028341532427e+01
-4.005233965892829318e-01 1.256555112695121146e+01
-3.758795184043344229e-01 1.228007464474466737e+01
-3.512356402193859140e-01 1.142413575012394666e+01
-3.265917620344369610e-01 1.031011481694203624e+01
-3.019478838494884521e-01 9.240331771328994748e+00
-2.773040056645399432e-01 8.410219662597800294e+00
-2.526601274795909902e-01 7.897504514325030200e+00
-2.280162492946424813e-01 7.691294721212121210e+00
-2.033723711096939724e-01 7.718887586872273943e+00
-1.787284929247454635e-01 7.882401983603716467e+00
-1.540846147397965105e-01 8.129416944063688533e+00
-1.294407365548480016e-01 8.521390790355004796e+00
-1.047968583698994927e-01 9.213449678437816814e+00
-8.015298018495098376e-02 1.031115914863273275e+01
-5.550910200000203076e-02 1.169531658648789652e+01
-3.086522381505352186e-02 1.297173092428112717e+01
-6.221345630105012958e-03 1.362362743605904036e+01
1.842253255484394003e-02 1.328329327157971207e+01
4.306641073979244894e-02 1.194330418793233584e+01
6.771028892474095784e-02 9.974935260052582464e+00
9.235416710968946674e-02 7.958076908484896350e+00
1.169980452946384197e-01 6.437755838638179462e+00
1.416419234795869286e-01 5.738761955316321384e+00
1.662858016645354375e-01 5.907095379519976319e+00
1.909296798494843905e-01 6.764898325684869818e+00
2.155735580344328994e-01 8.016524753484528532e+00
2.402174362193814083e-01 9.345129477937771156e+00
2.648613144043299172e-01 1.047376152466080512e+01
2.895051925892788702e-01 1.119837729665309567e+01
3.141490707742273791e-01 1.141091099061661929e+01
3.387929489591758880e-01 1.112155038913930305e+01
3.634368271441248410e-01 1.047335026615494513e+01
3.880807053290729058e-01 9.727691948446999248e+00
4.127245835140218588e-01 9.197299322962335211e+00
4.373684616989708118e-01 9.130613593036311926e+00
4.620123398839188766e-01 9.600806053940234008e+00
4.866562180688678296e-01 1.047797907810218732e+01
5.113000962538167826e-01 1.151780487241839523e+01
5.359439744387648474e-01 1.250416828953297532e+01
5.605878526237138004e-01 1.332742380032348528e+01
5.852317308086627534e-01 1.393535914660122188e+01
6.098756089936108182e-01 1.422191720765484213e+01
6.345194871785597712e-01 1.399011196283303526e+01
6.591633653635078360e-01 1.305568375541610848e+01
6.838072435484567890e-01 1.141056607915640519e+01
7.084511217334057420e-01 9.293350908024876844e+00
7.330949999183538068e-01 7.093192743922580590e+00
7.577388781033027598e-01 5.160379864028900698e+00
7.823827562882517128e-01 3.666018370032422258e+00
8.070266344731997776e-01 2.592840526051840566e+00
8.316705126581487306e-01 1.826086001137750880e+00
8.563143908430976836e-01 1.254235121547508269e+00
8.809582690280457484e-01 8.156322744962458682e-01
9.056021472129947014e-01 4.893774089136720962e-01
9.302460253979436544e-01 2.661687181715551853e-01
9.548899035828917192e-01 1.298502448474536386e-01
9.795337817678406722e-01 5.648550274218254452e-02
1.004177659952788737e+00 2.184010452609256442e-02
1.028821538137737690e+00 7.493047228464510406e-03
1.053465416322686643e+00 2.279067916299426597e-03
1.078109294507634708e+00 6.142478075058106475e-04
1.102753172692583661e+00 1.466584354716555930e-04
1.127397050877532614e+00 3.101619399952958487e-05
1.152040929062480679e+00 5.809734213628532282e-06
1.176684807247429632e+00 9.638139684275621613e-07
1.201328685432378585e+00 1.416087503098204330e-07
1.225972563617326649e+00 1.842645737109676017e-08
1.250616441802275602e+00 2.123468077967917954e-09
1.275260319987223667e+00 2.167206304938832202e-10
1.299904198172172176e+00 1.958865322962497116e-11
