-3.593800470826943094e+00 8.719248293987862949e-12
-3.570054269949341386e+00 8.862666067019753225e-11
-3.546308069071739677e+00 8.050059377640947214e-10
-3.522561868194138857e+00 6.534900814093808601e-09
-3.498815667316537148e+00 4.742029341623041653e-08
-3.475069466438935439e+00 3.076730147371860381e-07
-3.451323265561333731e+00 1.785574619180566719e-06
-3.427577064683732910e+00 9.273896031159399692e-06
-3.403830863806131202e+00 4.313896798090509295e-05
-3.380084662928529493e+00 1.799114825654259521e-04
-3.356338462050927784e+00 6.736934872609155918e-04
-3.332592261173326964e+00 2.269539918269109727e-03
-3.308846060295725255e+00 6.896330187155938311e-03
-3.285099859418123547e+00 1.896466350823722280e-02
-3.261353658540521838e+00 4.738740912000612843e-02
-3.237607457662921018e+00 1.080769345205972731e-01
-3.213861256785319309e+00 2.260193486816933772e-01
-3.190115055907717601e+00 4.351431251625184071e-01
-3.166368855030115892e+00 7.732970984762612687e-01
-3.142622654152515072e+00 1.269527711112468538e+00
-3.118876453274913363e+00 1.923435700745175003e+00
-3.095130252397311654e+00 2.683576346797477363e+00
-3.071384051519709946e+00 3.441188505750797599e+00
-3.047637850642108237e+00 4.057159347304795993e+00
-3.023891649764507417e+00 4.423551915171796800e+00
-3.000145448886905708e+00 4.530670820807330301e+00
-2.976399248009303999e+00 4.491696621831598790e+00
-2.952653047131702291e+00 4.494857266232433979e+00
-2.928906846254101470e+00 4.702584502481276907e+00
-2.905160645376499762e+00 5.158593683367239890e+00
-2.881414444498898053e+00 5.759937775448237041e+00
-2.857668243621296345e+00 6.305301353182488633e+00
-2.833922042743695524e+00 6.583948239567758876e+00
-2.810175841866093815e+00 6.457540109247640103e+00
-2.786429640988492107e+00 5.907227322408838965e+00
-2.762683440110890398e+00 5.042515050215655492e+00
-2.738937239233289578e+00 4.077896048454446642e+00
-2.715191038355687869e+00 3.283285689869606117e+00
-2.691444837478086161e+00 2.915609027431978362e+00
-2.667698636600484452e+00 3.142431358310977085e+00
-2.643952435722882743e+00 3.973225833253678285e+00
-2.620206234845281923e+00 5.223375373204089733e+00
-2.596460033967680214e+00 6.544639037709813145e+00
-2.572713833090078506e+00 7.540404099684707262e+00
-2.548967632212477685e+00 7.931826333190059586e+00
-2.525221431334875977e+00 7.684790362724458035e+00
-2.501475230457274268e+00 7.008682213991356491e+00
-2.477729029579672559e+00 6.217561303484018254e+00
-2.453982828702070851e+00 5.544973857765288727e+00
-2.430236627824470030e+00 5.037328930480447831e+00
-2.406490426946868322e+00 4.586798378843956137e+00
-2.382744226069266613e+00 4.060029298065764181e+00
-2.358998025191665793e+00 3.420732271740898334e+00
-2.335251824314064084e+00 2.769612265437406684e+00
-2.311505623436462376e+00 2.297234309891396098e+00
-2.287759422558860667e+00 2.198865128857432349e+00
-2.264013221681258958e+00 2.602739799143894750e+00
-2.240267020803657250e+00 3.532841227134666529e+00
-2.216520819926056429e+00 4.900471042706219471e+00
-2.192774619048454721e+00 6.512714394963615483e+00
-2.169028418170853012e+00 8.094006316431377357e+00
-2.145282217293252192e+00 9.327101663651109931e+00
-2.121536016415650483e+00 9.921900444486826842e+00
-2.097789815538048774e+00 9.706345879136582866e+00
-2.074043614660447066e+00 8.705924328975260806e+00
-2.050297413782845357e+00 7.162061516097923963e+00
-2.026551212905244537e+00 5.462143277067753822e+00
-2.002805012027642828e+00 4.006677405837347550e+00
-1.979058811150041119e+00 3.077664119575465040e+00
-1.955312610272440299e+00 2.764293794276834415e+00
-1.931566409394838590e+00 2.963398943191420276e+00
-1.907820208517236882e+00 3.441173272446616416e+00
-1.884074007639635173e+00 3.932971992639036962e+00
-1.860327806762033465e+00 4.253129048734341389e+00
-1.836581605884432644e+00 4.376534933710372499e+00
-1.812835405006830936e+00 4.452806234719990819e+00
-1.789089204129229227e+00 4.737881282836139185e+00
-1.765343003251627518e+00 5.467407927773971998e+00
-1.741596802374026698e+00 6.726538206656687002e+00
-1.717850601496424989e+00 8.377659095199742723e+00
-1.694104400618823281e+00 1.009128174379977061e+01
-1.670358199741221572e+00 1.148546252481629715e+01
-1.646611998863619863e+00 1.231864278497375231e+01
-1.622865797986019043e+00 1.262818496401563273e+01
-1.599119597108417334e+00 1.271260350202160971e+01
-1.575373396230816514e+00 1.294277327621833074e+01
-1.551627195353214805e+00 1.350816165045488049e+01
-1.527880994475613097e+00 1.426389056379771780e+01
-1.504134793598011388e+00 1.478580763399313724e+01
-1.480388592720409680e+00 1.460193042013489695e+01
-1.456642391842807971e+00 1.345426508623447681e+01
-1.432896190965206262e+00 1.143731758921258290e+01
-1.409149990087605442e+00 8.953863646925340092e+00
-1.385403789210003733e+00 6.545528499195649275e+00
-1.361657588332402913e+00 4.711070284671741604e+00
-1.337911387454801204e+00 3.793041294646210204e+00
-1.314165186577199496e+00 3.937431510385901223e+00
-1.290418985699597787e+00 5.082214084130377785e+00
-1.266672784821996078e+00 6.948305593617729592e+00
-1.242926583944394370e+00 9.063445080231437245e+00
-1.219180383066793549e+00 1.087476455511471585e+01
-1.195434182189191841e+00 1.195207985470569767e+01
-1.171687981311591020e+00 1.218626270271380463e+01
-1.147941780433989312e+00 1.184380700250739693e+01
-1.124195579556387603e+00 1.141424235159787948e+01
-1.100449378678785894e+00 1.133283535766296879e+01
-1.076703177801184186e+00 1.175185954984971026e+01
-1.052956976923582921e+00 1.249142644205100261e+01
-1.029210776045981213e+00 1.317105243688549265e+01
-1.005464575168379948e+00 1.342074661127097812e+01
-9.817183742907782396e-01 1.306045012423753526e+01
-9.579721734131769750e-01 1.218573821246444311e+01
-9.342259725355752664e-01 1.113971143498221572e+01
-9.104797716579740019e-01 1.037221113968812958e+01
-8.867335707803722933e-01 1.022336534440945499e+01
-8.629873699027710288e-01 1.072828301265488271e+01
-8.392411690251693202e-01 1.156890064755510927e+01
-8.154949681475680556e-01 1.223553490668034982e+01
-7.917487672699663470e-01 1.232061827968591849e+01
-7.680025663923650825e-01 1.175554238694468800e+01
-7.442563655147633739e-01 1.082433775676684284e+01
-7.205101646371621094e-01 9.945115798831912102e+00
-6.967639637595604007e-01 9.381502522973876879e+00
-6.730177628819591362e-01 9.092490995916637786e+00
-6.492715620043574276e-01 8.814959322263947072e+00
-6.255253611267561631e-01 8.295378416628713225e+00
-6.017791602491544545e-01 7.487964271912985303e+00
-5.780329593715531900e-01 6.584588627380616899e+00
-5.542867584939514813e-01 5.883794795003866263e+00
-5.305405576163497727e-01 5.620655098488033907e+00
-5.067943567387485082e-01 5.880667745493317611e+00
-4.830481558611467996e-01 6.625556519468117855e+00
-4.593019549835455351e-01 7.760537474606762132e+00
-4.355557541059438265e-01 9.158205166422117571e+00
-4.118095532283425619e-01 1.062935181317396172e+01
-3.880633523507408533e-01 1.191567271156554497e+01
-3.643171514731395888e-01 1.278047903345179215e+01
-3.405709505955378802e-01 1.317727104655942050e+01
-3.168247497179366157e-01 1.336889724033800597e+01
-2.930785488403349071e-01 1.386073578861563327e+01
-2.693323479627336425e-01 1.512761830470241620e+01
-2.455861470851319339e-01 1.727575201670653371e+01
-2.218399462075306694e-01 1.986414765544512662e+01
-1.980937453299289608e-01 2.203988888476099817e+01
-1.743475444523276963e-01 2.294735320328686257e+01
-1.506013435747259877e-01 2.217973120187505387e+01
-1.268551426971247231e-01 1.999588822865979765e+01
-1.031089418195230145e-01 1.717281300252902554e+01
-7.936274094192174999e-02 1.459960136567491062e+01
-5.561654006432004138e-02 1.286935810566416727e+01
-3.187033918671833277e-02 1.209317518468998465e+01
-8.124138309117068246e-03 1.199358733680390543e+01
1.562206256848464037e-02 1.216512116552308420e+01
3.936826344608590489e-02 1.232010549397091914e+01
6.311446432368761350e-02 1.238657189135911096e+01
8.686066520128887802e-02 1.244048721428709037e+01
1.106068660788905866e-01 1.256116265060505910e+01
1.343530669564918512e-01 1.273468245519064723e+01
1.580992678340935598e-01 1.287669834675185143e+01
1.818454687116948243e-01 1.294305782347375633e+01
2.055916695892965329e-01 1.302338279426007972e+01
2.293378704668977974e-01 1.332763782779183437e+01
2.530840713444995060e-01 1.406662577577776219e+01
2.768302722221007706e-01 1.531835531594510691e+01
3.005764730997024792e-01 1.698497146334090502e+01
3.243226739773037437e-01 1.886400277468554876e+01
3.480688748549054523e-01 2.075194989506808696e+01
3.718150757325067168e-01 2.247153426399484744e+01
3.955612766101084254e-01 2.380479870008240439e+01
4.193074774877101341e-01 2.443625542843081178e+01
4.430536783653109545e-01 2.402446393018203352e+01
4.667998792429126631e-01 2.239240825153618886e+01
4.905460801205143717e-01 1.968610835868487641e+01
5.142922809981160803e-01 1.635434245903941886e+01
5.380384818757177889e-01 1.295276367306323273e+01
5.617846827533186094e-01 9.917244877786718149e+00
5.855308836309203180e-01 7.450585499885114871e+00
6.092770845085220266e-01 5.551463053307610807e+00
6.330232853861237352e-01 4.113804422983954545e+00
6.567694862637245556e-01 3.014876837242112195e+00
6.805156871413262643e-01 2.159493709568533149e+00
7.042618880189279729e-01 1.488967051044508993e+00
7.280080888965296815e-01 9.725189726937096824e-01
7.517542897741305019e-01 5.928158841036325066e-01
7.755004906517322105e-01 3.330559414668948781e-01
7.992466915293339191e-01 1.707968796206966178e-01
8.229928924069356277e-01 7.938521787032319643e-02
8.467390932845364482e-01 3.327804264042942550e-02
8.704852941621381568e-01 1.253977727841783761e-02
8.942314950397398654e-01 4.238192223277425195e-03
9.179776959173415740e-01 1.282943754767639378e-03
9.417238967949423945e-01 3.475110482415874830e-04
9.654700976725441031e-01 8.417934528387121889e-05
9.892162985501458117e-01 1.822860269300413837e-05
1.012962499427747520e+00 3.527823807795106003e-06
1.036708700305349229e+00 6.100972458194784914e-07
1.060454901182950049e+00 9.427299367081823877e-08
1.084201102060551758e+00 1.301500994367336213e-08
1.107947302938153467e+00 1.605289905397898521e-09
1.131693503815755175e+00 1.768899996283975587e-10
1.155439704693356440e+00 1.741353660224616431e-11
