-3.840413723973826077e+00 9.803923923372339923e-12
-3.814231231554346291e+00 1.255718805176907136e-10
-3.788048739134866505e+00 1.402527290496532574e-09
-3.761866246715387607e+00 1.366108424107103222e-08
-3.735683754295907821e+00 1.160523526438035436e-07
-3.709501261876428035e+00 8.599513127295306466e-07
-3.683318769456948250e+00 5.559348037910565448e-06
-3.657136277037468464e+00 3.136279921918450796e-05
-3.630953784617988678e+00 1.544551389651339804e-04
-3.604771292198509780e+00 6.643621191133865190e-04
-3.578588799779029994e+00 2.497632122715959854e-03
-3.552406307359550208e+00 8.214895199059456254e-03
-3.526223814940070422e+00 2.367148223816367691e-02
-3.500041322520590636e+00 5.987377940274197369e-02
-3.473858830101111739e+00 1.332918818991403465e-01
-3.447676337681631953e+00 2.621504887747561074e-01
-3.421493845262152167e+00 4.578559147432882948e-01
-3.395311352842672381e+00 7.152266033403257284e-01
-3.369128860423192595e+00 1.009112473127643517e+00
-3.342946368003713697e+00 1.302864346539931439e+00
-3.316763875584233912e+00 1.565264209228041770e+00
-3.290581383164754126e+00 1.784180501083398651e+00
-3.264398890745274340e+00 1.965841598567055870e+00
-3.238216398325794554e+00 2.118981025757884051e+00
-3.212033905906314768e+00 2.235864030603921471e+00
-3.185851413486835870e+00 2.287880161472792828e+00
-3.159668921067356084e+00 2.245286603974570916e+00
-3.133486428647876298e+00 2.110480576007288445e+00
-3.107303936228396513e+00 1.937036956638606755e+00
-3.081121443808916727e+00 1.812264723033816249e+00
-3.054938951389437829e+00 1.809872234642298627e+00
-3.028756458969958043e+00 1.945778064708970634e+00
-3.002573966550478257e+00 2.168583880626955285e+00
-2.976391474130998471e+00 2.389891702831041354e+00
-2.950208981711518685e+00 2.533320710251041774e+00
-2.924026489292038899e+00 2.572854672169365919e+00
-2.897843996872560002e+00 2.540992281018439769e+00
-2.871661504453080216e+00 2.505704596511836968e+00
-2.845479012033600430e+00 2.531809636099120020e+00
-2.819296519614120644e+00 2.648586094728972995e+00
-2.793114027194640858e+00 2.839511048136787341e+00
-2.766931534775161960e+00 3.057622268652598230e+00
-2.740749042355682175e+00 3.258004387858817186e+00
-2.714566549936202389e+00 3.430357210558371950e+00
-2.688384057516722603e+00 3.610955578454616788e+00
-2.662201565097242817e+00 3.858786846049384156e+00
-2.636019072677763031e+00 4.200950497220868662e+00
-2.609836580258284133e+00 4.582563995353578612e+00
-2.583654087838804347e+00 4.870214528790311803e+00
-2.557471595419324562e+00 4.926987137168107544e+00
-2.531289102999844776e+00 4.713971574395818820e+00
-2.505106610580364990e+00 4.337647748744410059e+00
-2.478924118160886092e+00 3.998530110055083853e+00
-2.452741625741406306e+00 3.874288380320273451e+00
-2.426559133321926520e+00 4.018488214914196277e+00
-2.400376640902446734e+00 4.338914299304403421e+00
-2.374194148482966948e+00 4.661763634192777950e+00
-2.348011656063487163e+00 4.834274295059787008e+00
-2.321829163644008265e+00 4.799115045733969964e+00
-2.295646671224528479e+00 4.598771279316591354e+00
-2.269464178805048693e+00 4.320348222683963790e+00
-2.243281686385568907e+00 4.031057469773615232e+00
-2.217099193966090009e+00 3.751770924799890494e+00
-2.190916701546610224e+00 3.478763278659930513e+00
-2.164734209127130438e+00 3.227332654256878097e+00
-2.138551716707650652e+00 3.060758237885400579e+00
-2.112369224288170866e+00 3.081913877680065639e+00
-2.086186731868691080e+00 3.386486013857756827e+00
-2.060004239449211294e+00 3.996465958744919167e+00
-2.033821747029732396e+00 4.809813335910257059e+00
-2.007639254610252610e+00 5.608609583620149053e+00
-1.981456762190772825e+00 6.143415714846383047e+00
-1.955274269771293039e+00 6.255317336523299687e+00
-1.929091777351814141e+00 5.954709649000546889e+00
-1.902909284932334355e+00 5.399716356587282107e+00
-1.876726792512854569e+00 4.795553205459513357e+00
-1.850544300093374783e+00 4.294126295520285908e+00
-1.824361807673894997e+00 3.957729301597077143e+00
-1.798179315254415211e+00 3.787929475961202108e+00
-1.771996822834935426e+00 3.774554849838514858e+00
-1.745814330415455640e+00 3.920568197051667703e+00
-1.719631837995976742e+00 4.229518568837364434e+00
-1.693449345576496956e+00 4.673234409014889401e+00
-1.667266853157017170e+00 5.171174448430394754e+00
-1.641084360737538272e+00 5.605259104081453891e+00
-1.614901868318058487e+00 5.869812622117237311e+00
-1.588719375898578701e+00 5.929292865947605407e+00
-1.562536883479098915e+00 5.845886017820218328e+00
-1.536354391059619129e+00 5.755586466849835325e+00
-1.510171898640139343e+00 5.804146674225385993e+00
-1.483989406220659557e+00 6.077308647945963926e+00
-1.457806913801179771e+00 6.558636049847503813e+00
-1.431624421381700873e+00 7.132772275421890740e+00
-1.405441928962221088e+00 7.634807888583982738e+00
-1.379259436542742190e+00 7.925765092493356256e+00
-1.353076944123262404e+00 7.952978193800250395e+00
-1.326894451703782618e+00 7.756875485777988466e+00
-1.300711959284302832e+00 7.425343557371805403e+00
-1.274529466864823046e+00 7.039500101122860620e+00
-1.248346974445343260e+00 6.653226661261169461e+00
-1.222164482025863474e+00 6.306658519195567969e+00
-1.195981989606383689e+00 6.041333024807889807e+00
-1.169799497186903903e+00 5.893537820030320340e+00
-1.143617004767425005e+00 5.872731700674823863e+00
-1.117434512347945219e+00 5.947222688588658990e+00
-1.091252019928466321e+00 6.050620420472665018e+00
-1.065069527508986535e+00 6.108174631183872272e+00
-1.038887035089506750e+00 6.074736679508967896e+00
-1.012704542670026964e+00 5.968281901757656271e+00
-9.865220502505471778e-01 5.872064705212012292e+00
-9.603395578310673919e-01 5.887054076451759599e+00
-9.341570654115876060e-01 6.058182244599618294e+00
-9.079745729921078201e-01 6.335173543303119104e+00
-8.817920805726280342e-01 6.606868182713343529e+00
-8.556095881531491365e-01 6.778990628436661225e+00
-8.294270957336693506e-01 6.826901914647267589e+00
-8.032446033141904529e-01 6.789450527036991367e+00
-7.770621108947106670e-01 6.729043910029601783e+00
-7.508796184752308811e-01 6.698367714791707783e+00
-7.246971260557510952e-01 6.726392790444657876e+00
-6.985146336362713093e-01 6.815448901568482043e+00
-6.723321412167915234e-01 6.946286457438733741e+00
-6.461496487973121816e-01 7.091997840315567458e+00
-6.199671563778323957e-01 7.229466376368849367e+00
-5.937846639583530539e-01 7.333759328074065387e+00
-5.676021715388732680e-01 7.364528766307354424e+00
-5.414196791193934821e-01 7.274613793192707512e+00
-5.152371866999141403e-01 7.051919458906987792e+00
-4.890546942804343544e-01 6.761737532411699725e+00
-4.628722018609545685e-01 6.543169375433543600e+00
-4.366897094414752267e-01 6.551527821767209048e+00
-4.105072170219954408e-01 6.886029739908685166e+00
-3.843247246025156549e-01 7.547036303075910446e+00
-3.581422321830363131e-01 8.432857009859965558e+00
-3.319597397635565272e-01 9.360516839434538383e+00
-3.057772473440771854e-01 1.010349259813626865e+01
-2.795947549245973995e-01 1.045500042326793988e+01
-2.534122625051176136e-01 1.031135969352937032e+01
-2.272297700856382718e-01 9.734563553670934510e+00
-2.010472776661584859e-01 8.942699022156826771e+00
-1.748647852466787000e-01 8.217552805140417860e+00
-1.486822928271993582e-01 7.779516253933996595e+00
-1.224998004077195723e-01 7.703248013228293445e+00
-9.631730798824023054e-02 7.914179922359642738e+00
-7.013481556876044465e-02 8.252078920754321700e+00
-4.395232314928065875e-02 8.557176723348499436e+00
-1.776983072980131695e-02 8.735777751226160959e+00
8.412661689678468946e-03 8.781375478472334350e+00
3.459515410915825484e-02 8.752562347429169165e+00
6.077764652863759665e-02 8.731110042215659561e+00
8.696013894811738254e-02 8.789257036957682345e+00
1.131426313675971684e-01 8.979814126698832055e+00
1.393251237870765102e-01 9.340160903758670585e+00
1.655076162065562961e-01 9.891031394504581797e+00
1.916901086260360820e-01 1.062047124495030026e+01
2.178726010455158679e-01 1.146400100912514830e+01
2.440550934649947656e-01 1.230472541791700181e+01
2.702375858844745515e-01 1.300606492515341728e+01
2.964200783039543374e-01 1.346276886874986900e+01
3.226025707234341233e-01 1.364062765666026422e+01
3.487850631429139092e-01 1.358444948606634739e+01
3.749675555623928069e-01 1.339082016905786610e+01
4.011500479818725928e-01 1.315270376698605403e+01
4.273325404013523787e-01 1.289583438075452726e+01
4.535150328208321646e-01 1.254584845603397447e+01
4.796975252403119505e-01 1.196461384797477123e+01
5.058800176597917364e-01 1.105065079843598141e+01
5.320625100792706341e-01 9.837773419631458793e+00
5.582450024987504200e-01 8.510716590496164358e+00
5.844274949182302059e-01 7.314981560439687058e+00
6.106099873377099918e-01 6.423116186936631777e+00
6.367924797571897777e-01 5.853299483982415730e+00
6.629749721766686754e-01 5.490512539200972597e+00
6.891574645961484613e-01 5.181710769759845014e+00
7.153399570156282472e-01 4.831716337731811528e+00
7.415224494351080331e-01 4.440795980944774790e+00
7.677049418545878190e-01 4.071884648789752426e+00
7.938874342740676049e-01 3.778982565472848609e+00
8.200699266935465026e-01 3.549543829535072526e+00
8.462524191130262885e-01 3.303392398160312826e+00
8.724349115325060744e-01 2.948894446201166364e+00
8.986174039519858603e-01 2.451010806520135699e+00
9.247998963714656462e-01 1.857353323616718344e+00
9.509823887909445439e-01 1.266790240990226524e+00
9.771648812104243298e-01 7.718290302224034560e-01
1.003347373629904116e+00 4.182361888811731987e-01
1.029529866049383902e+00 2.009873115396801080e-01
1.055712358468863687e+00 8.547740511900939198e-02
1.081894850888342585e+00 3.211502886833879356e-02
1.108077343307822371e+00 1.064268361554934934e-02
1.134259835727302157e+00 3.106266109012378440e-03
1.160442328146781943e+00 7.973958411911324885e-04
1.186624820566261729e+00 1.798080564161436991e-04
1.212807312985741515e+00 3.557543759272923430e-05
1.238989805405220412e+00 6.169641911281692949e-06
1.265172297824700198e+00 9.370382320642802425e-07
1.291354790244179984e+00 1.245417647643625534e-07
1.317537282663659770e+00 1.447621750403938092e-08
1.343719775083139556e+00 1.470766356713111599e-09
1.369902267502618454e+00 1.305525873510460992e-10
1.396084759922098240e+00 1.012088276271058044e-11
