-3.633624406564448961e+00 1.958859795645001230e-11
-3.607474960941745579e+00 2.500131741595004632e-10
-3.581325515319042196e+00 2.783102503460039019e-09
-3.555176069696338814e+00 2.702107278138099583e-08
-3.529026624073635432e+00 2.288145645785493982e-07
-3.502877178450932050e+00 1.689949215501114459e-06
-3.476727732828228667e+00 1.088616644271615035e-05
-3.450578287205525285e+00 6.116351008726368438e-05
-3.424428841582821015e+00 2.997336019916265219e-04
-3.398279395960117633e+00 1.281217493794037854e-03
-3.372129950337414250e+00 4.777403327324158608e-03
-3.345980504714710868e+00 1.554233495025371913e-02
-3.319831059092007486e+00 4.413078266037318703e-02
-3.293681613469304104e+00 1.094347989597319881e-01
-3.267532167846600721e+00 2.373133960104124307e-01
-3.241382722223897339e+00 4.511709874114676055e-01
-3.215233276601193957e+00 7.556409221481610317e-01
-3.189083830978490575e+00 1.124961353792652607e+00
-3.162934385355787192e+00 1.512043281283183216e+00
-3.136784939733083810e+00 1.879329123722814687e+00
-3.110635494110380428e+00 2.225104568231692781e+00
-3.084486048487676157e+00 2.571668261141257350e+00
-3.058336602864972775e+00 2.917213601145248525e+00
-3.032187157242269393e+00 3.201187573735950753e+00
-3.006037711619566011e+00 3.331539173010269028e+00
-2.979888265996862629e+00 3.258835945947871959e+00
-2.953738820374159246e+00 3.025876599481176932e+00
-2.927589374751455864e+00 2.743830465699006904e+00
-2.901439929128752482e+00 2.523736499391611154e+00
-2.875290483506049100e+00 2.431019450872178744e+00
-2.849141037883345717e+00 2.487925374111573884e+00
-2.822991592260642335e+00 2.688231400499066837e+00
-2.796842146637938953e+00 2.990983212092323651e+00
-2.770692701015235571e+00 3.313278573816574202e+00
-2.744543255392532188e+00 3.561417997158548232e+00
-2.718393809769828806e+00 3.689099895139587471e+00
-2.692244364147125424e+00 3.719314789891940531e+00
-2.666094918524421153e+00 3.694756242170493810e+00
-2.639945472901717771e+00 3.606290772016492063e+00
-2.613796027279014389e+00 3.383419171138125403e+00
-2.587646581656311007e+00 2.965448612030261888e+00
-2.561497136033607624e+00 2.383999149889672431e+00
-2.535347690410904242e+00 1.779338443812955139e+00
-2.509198244788200860e+00 1.343771287198923581e+00
-2.483048799165497478e+00 1.243666178118617349e+00
-2.456899353542794096e+00 1.561707223843102899e+00
-2.430749907920090713e+00 2.262649120052001361e+00
-2.404600462297387331e+00 3.182614352473655650e+00
-2.378451016674683061e+00 4.067294687185141200e+00
-2.352301571051979678e+00 4.674860737528986121e+00
-2.326152125429276296e+00 4.895036504737595884e+00
-2.300002679806572914e+00 4.789840324326827492e+00
-2.273853234183869532e+00 4.513639731603032779e+00
-2.247703788561166149e+00 4.184690424544675658e+00
-2.221554342938462767e+00 3.827784376892149343e+00
-2.195404897315759385e+00 3.426791912953884633e+00
-2.169255451693056003e+00 3.010269607320850138e+00
-2.143106006070352620e+00 2.675149071808331946e+00
-2.116956560447649238e+00 2.539068480745105827e+00
-2.090807114824945856e+00 2.685645631080806339e+00
-2.064657669202242474e+00 3.146629766212187818e+00
-2.038508223579539091e+00 3.898307175882954834e+00
-2.012358777956835709e+00 4.838882026544809811e+00
-1.986209332334132327e+00 5.773852940601300610e+00
-1.960059886711428945e+00 6.471887391787817911e+00
-1.933910441088725563e+00 6.788961975337612031e+00
-1.907760995466021292e+00 6.759221334687803839e+00
-1.881611549843317910e+00 6.556106626227086842e+00
-1.855462104220614528e+00 6.356860386029563159e+00
-1.829312658597911145e+00 6.246141669216457082e+00
-1.803163212975207763e+00 6.236746195821923244e+00
-1.777013767352504381e+00 6.338486775920913807e+00
-1.750864321729800999e+00 6.561165258360982300e+00
-1.724714876107097616e+00 6.850098944551445079e+00
-1.698565430484394234e+00 7.065610132896450679e+00
-1.672415984861690852e+00 7.072289933596286993e+00
-1.646266539238987470e+00 6.855847803922684669e+00
-1.620117093616283199e+00 6.533209107613294542e+00
-1.593967647993579817e+00 6.239562707611542081e+00
-1.567818202370876435e+00 6.015386817781593898e+00
-1.541668756748173053e+00 5.804431452608730169e+00
-1.515519311125469670e+00 5.537824499898238884e+00
-1.489369865502766288e+00 5.197680088618079175e+00
-1.463220419880062906e+00 4.812454789628326068e+00
-1.437070974257359524e+00 4.432089278538489552e+00
-1.410921528634656141e+00 4.131224102932129050e+00
-1.384772083011952759e+00 4.013566611022332253e+00
-1.358622637389249377e+00 4.166592186660076358e+00
-1.332473191766545995e+00 4.587084926642519100e+00
-1.306323746143842612e+00 5.163233752849500036e+00
-1.280174300521139230e+00 5.754024782676803618e+00
-1.254024854898435848e+00 6.293249655112875374e+00
-1.227875409275732466e+00 6.807465788975337162e+00
-1.201725963653029083e+00 7.334058826840237799e+00
-1.175576518030325701e+00 7.841352737719534893e+00
-1.149427072407622319e+00 8.238568828650425502e+00
-1.123277626784918048e+00 8.441349311561880953e+00
-1.097128181162214666e+00 8.398654156710621876e+00
-1.070978735539511284e+00 8.067518439973660804e+00
-1.044829289916807902e+00 7.415350434998594586e+00
-1.018679844294104520e+00 6.490496637741631325e+00
-9.925303986714011373e-01 5.484933827087396629e+00
-9.663809530486977550e-01 4.689620541537621534e+00
-9.402315074259943728e-01 4.353016061506484569e+00
-9.140820618032901024e-01 4.556081385817558171e+00
-8.879326161805867201e-01 5.191317800785374637e+00
-8.617831705578833379e-01 6.027396586046304350e+00
-8.356337249351799557e-01 6.789225288397503277e+00
-8.094842793124765734e-01 7.227213019168650554e+00
-7.833348336897731912e-01 7.196981915083879855e+00
-7.571853880670698089e-01 6.737932336382278287e+00
-7.310359424443664267e-01 6.078013421573240649e+00
-7.048864968216630444e-01 5.517652451108373768e+00
-6.787370511989596622e-01 5.257970619470996532e+00
-6.525876055762562800e-01 5.306038174300842236e+00
-6.264381599535528977e-01 5.527335766216481261e+00
-6.002887143308495155e-01 5.792010908349655374e+00
-5.741392687081461332e-01 6.098751435289869072e+00
-5.479898230854423069e-01 6.590554783834199348e+00
-5.218403774627389247e-01 7.449988853215240958e+00
-4.956909318400355424e-01 8.733593388145949987e+00
-4.695414862173321602e-01 1.025468201924261002e+01
-4.433920405946287779e-01 1.161517893053212624e+01
-4.172425949719253957e-01 1.239413921949441466e+01
-3.910931493492220135e-01 1.237543460642245208e+01
-3.649437037265181871e-01 1.165386522552527282e+01
-3.387942581038148049e-01 1.055330871986354779e+01
-3.126448124811114226e-01 9.439581978172549626e+00
-2.864953668584080404e-01 8.570452716685524663e+00
-2.603459212357046582e-01 8.050709975257460016e+00
-2.341964756130012759e-01 7.856463574436562070e+00
-2.080470299902978937e-01 7.880041885408054725e+00
-1.818975843675940673e-01 8.002506718489806659e+00
-1.557481387448906851e-01 8.200506752845376113e+00
-1.295986931221873029e-01 8.610365485218856918e+00
-1.034492474994839206e-01 9.439415237103533585e+00
-7.729980187678053838e-02 1.073761820499258413e+01
-5.115035625407715614e-02 1.221466619474677451e+01
-2.500091063137377390e-02 1.329880137646187421e+01
1.148534991330052435e-03 1.343872770787039173e+01
2.729798061403343468e-02 1.243744189990109028e+01
5.344742623673681692e-02 1.058095442990233614e+01
7.959687185944019916e-02 8.490472072095045064e+00
1.057463174821435814e-01 6.819085205262827465e+00
1.318957631048469636e-01 5.986301793450129693e+00
1.580452087275503459e-01 6.077267064842329702e+00
1.841946543502541722e-01 6.906582501987343470e+00
2.103440999729575545e-01 8.154770676173631827e+00
2.364935455956609367e-01 9.481050482441400362e+00
2.626429912183643189e-01 1.057936494640328640e+01
2.887924368410677012e-01 1.120586144832237174e+01
3.149418824637710834e-01 1.121443858380140490e+01
3.410913280864744657e-01 1.060287930537261580e+01
3.672407737091782920e-01 9.537814929107723216e+00
3.933902193318816742e-01 8.320703065217323058e+00
4.195396649545850565e-01 7.285806969252319298e+00
4.456891105772884387e-01 6.672830291225753996e+00
4.718385561999918210e-01 6.551807062521450398e+00
4.979880018226952032e-01 6.849894542018346577e+00
5.241374474453985854e-01 7.445719561234986017e+00
5.502868930681019677e-01 8.235120139060143174e+00
5.764363386908053499e-01 9.106660563635097461e+00
6.025857843135087322e-01 9.871874064846430485e+00
6.287352299362121144e-01 1.025975990454054276e+01
6.548846755589163848e-01 1.002738136792012469e+01
6.810341211816197671e-01 9.113673259231060086e+00
7.071835668043231493e-01 7.707273494435954220e+00
7.333330124270265316e-01 6.168861518858204107e+00
7.594824580497299138e-01 4.862551258339685489e+00
7.856319036724332960e-01 4.000432561843616952e+00
8.117813492951366783e-01 3.574713067521885446e+00
8.379307949178400605e-01 3.398498749606581715e+00
8.640802405405434428e-01 3.230813451675337511e+00
8.902296861632468250e-01 2.921838016539180405e+00
9.163791317859502072e-01 2.496968934253513517e+00
9.425285774086535895e-01 2.131785164238030994e+00
9.686780230313569717e-01 2.038598117315985725e+00
9.948274686540603540e-01 2.333327442309698352e+00
1.020976914276764624e+00 2.951369729178447976e+00
1.047126359899468007e+00 3.653555051432540335e+00
1.073275805522171389e+00 4.127051877758254328e+00
1.099425251144874771e+00 4.137691900915676513e+00
1.125574696767578153e+00 3.646865052116394335e+00
1.151724142390281536e+00 2.816632235248954785e+00
1.177873588012984918e+00 1.904109676682881780e+00
1.204023033635688300e+00 1.126137340055491265e+00
1.230172479258391682e+00 5.825097262826186562e-01
1.256321924881095065e+00 2.634693951315923433e-01
1.282471370503798447e+00 1.041800995569546334e-01
1.308620816126501829e+00 3.600676263271242877e-02
1.334770261749205211e+00 1.087549145516842133e-02
1.360919707371908594e+00 2.870144726152463500e-03
1.387069152994612864e+00 6.617249067612273380e-04
1.413218598617316246e+00 1.332609871811933524e-04
1.439368044240019628e+00 2.343786612180933651e-05
1.465517489862723011e+00 3.599688049718326481e-06
1.491666935485426393e+00 4.827143963616168652e-07
1.517816381108129775e+00 5.651263018400633956e-08
1.543965826730833157e+00 5.775455706386550774e-09
1.570115272353536540e+00 5.151955661392212969e-10
1.596264717976239922e+00 4.011128540724187235e-11
