-7.799340492473666231e+00 4.604299992473209280e-11
-7.705884295934922079e+00 2.348377171815125664e+01
-7.612428099396179704e+00 5.495689537934334368e+01
-7.518971902857437328e+00 5.288202437785477628e+01
-7.425515706318693177e+00 6.751891369784331687e+01
-7.332059509779949025e+00 6.099318703807601594e+01
-7.238603313241206649e+00 6.852260995798297927e+01
-7.145147116702464274e+00 4.239863045512368700e+01
-7.051690920163720122e+00 5.256673963384240977e+01
-6.958234723624975970e+00 1.573892149201856137e-07
-6.864778527086233595e+00 7.815998096768894676e-02
-6.771322330547491219e+00 1.887968630462430594e-03
-6.677866134008747068e+00 3.875775138746647919e+00
-6.584409937470002916e+00 2.704774669648946076e-06
-6.490953740931260540e+00 1.963212849615858957e+00
-6.397497544392518165e+00 4.027960455738142237e-06
-6.304041347853774013e+00 4.228698147817380182e+00
-6.210585151315029862e+00 1.214483276272412815e-02
-6.117128954776287486e+00 2.944234319423032709e+00
-6.023672758237545111e+00 8.488468894404365584e-11
-5.930216561698800959e+00 9.221075640977922243e-07
-5.836760365160056807e+00 1.143442094866949255e+00
-5.743304168621314432e+00 4.661063766394300811e-02
-5.649847972082572056e+00 3.231925986430875586e+00
-5.556391775543827904e+00 1.561646619694553761e+00
-5.462935579005083753e+00 1.567322823634072382e+00
-5.369479382466341377e+00 2.066002343533017774e-02
-5.276023185927599002e+00 2.386839893364646029e-07
-5.182566989388854850e+00 2.164198340500000484e+00
-5.089110792850110698e+00 2.771259112842956007e+00
-4.995654596311368323e+00 3.138712206843624397e+00
-4.902198399772625947e+00 1.153315399213568045e-03
-4.808742203233881796e+00 1.241618257066797515e+00
-4.715286006695137644e+00 2.234888618258485393e-01
-4.621829810156395268e+00 1.976214108411468162e-01
-4.528373613617652893e+00 6.349249819675725215e-01
-4.434917417078908741e+00 1.512580026843642900e+00
-4.341461220540165478e+00 1.001840419661515380e+00
-4.248005024001422214e+00 5.505178912667579638e+00
-4.154548827462678950e+00 2.408265475077430384e+00
-4.061092630923935687e+00 4.176064970292994727e-02
-3.967636434385192423e+00 4.499908618164451951e-02
-3.874180237846449160e+00 3.620775932602183101e-03
-3.780724041307705896e+00 1.088785154490494955e+00
-3.687267844768962632e+00 3.291160020941308328e+00
-3.593811648230219369e+00 1.136050263640499269e-01
-3.500355451691476105e+00 1.406641876922384404e-04
-3.406899255152732842e+00 2.125876202840021101e+00
-3.313443058613989578e+00 2.527694536955795400e-03
-3.219986862075246314e+00 7.035413874979780102e-01
-3.126530665536503051e+00 7.668420344135186417e-02
-3.033074468997759787e+00 3.331113253827765686e+00
-2.939618272459016524e+00 1.725547901491492935e-09
-2.846162075920273260e+00 3.132586892732502015e+00
-2.752705879381529996e+00 1.575405052089439151e+00
-2.659249682842786733e+00 2.315328771782274586e+00
-2.565793486304043469e+00 8.879931859725627152e-01
-2.472337289765300206e+00 5.439720000826363311e+00
-2.378881093226556942e+00 1.090295763995878575e+00
-2.285424896687813678e+00 2.114986958635264980e+00
-2.191968700149070415e+00 3.132595796824499068e+00
-2.098512503610327151e+00 9.587119551419712827e-06
-2.005056307071583888e+00 3.641780938442465421e-01
-1.911600110532840624e+00 7.151648240488808587e-03
-1.818143913994097360e+00 2.408745634623974535e-02
-1.724687717455354097e+00 3.141308636932418352e+00
-1.631231520916610833e+00 5.411452666151572115e-06
-1.537775324377867570e+00 2.560445256693787928e-30
-1.444319127839124306e+00 2.417717494494303859e-14
-1.350862931300381042e+00 1.220558870583835054e+00
-1.257406734761637779e+00 2.254298018160608985e-01
-1.163950538222894515e+00 3.883977574250890630e+00
-1.070494341684151252e+00 6.028005835609827834e+00
-9.770381451454079880e-01 3.640282588104751582e+00
-8.835819486066647244e-01 2.231631974172525901e+00
-7.901257520679214608e-01 6.579063078076538673e+00
-6.966695555291781972e-01 4.613413912738937306e+00
-6.032133589904349336e-01 4.989111734295997636e+00
-5.097571624516916700e-01 7.000305052991024013e+00
-4.163009659129484064e-01 1.136047143910812851e+00
-3.228447693742051428e-01 4.846208728428559098e+00
-2.293885728354618792e-01 4.657294568734736018e+00
-1.359323762967186155e-01 4.916670540515386989e+00
-4.247617975797535195e-02 6.205277938221196443e+00
5.098001678076791165e-02 3.189339391143755531e+00
1.444362133195111753e-01 2.610026504895989863e+00
2.378924098582544389e-01 7.462307339188944511e+00
3.313486063969985906e-01 7.369501044116771090e-05
4.248048029357409661e-01 2.578168251439091563e+00
5.182609994744833415e-01 9.916971782450181294e-01
6.117171960132274933e-01 6.573066235625888432e+00
7.051733925519716450e-01 6.312056114605179014e-01
7.986295890907140205e-01 7.210737121155918139e+00
8.920857856294563959e-01 7.493350292580077898e+00
9.855419821682005477e-01 5.089925524048275918e+00
1.078998178706944699e+00 1.648984120935345521e+00
1.172454375245687075e+00 1.120964134569750970e+00
1.265910571784429450e+00 6.864751951443614608e+00
1.359366768323173602e+00 2.963750841099467515e+00
1.452822964861917754e+00 4.765403097033955149e+00
1.546279161400660129e+00 5.641234774592893686e-01
1.639735357939402505e+00 4.185661082547491030e-01
1.733191554478146656e+00 2.266605295795569297e-01
1.826647751016890808e+00 1.314597772529070951e+00
1.920103947555633184e+00 8.579514307536586060e+00
2.013560144094375559e+00 9.290237724309469895e-05
2.107016340633119711e+00 1.989735398724312931e+00
2.200472537171863863e+00 3.350830207124494198e+00
2.293928733710606238e+00 4.591390503931116918e+00
2.387384930249348614e+00 3.105312479621558985e+00
2.480841126788092765e+00 1.543764905093262030e+00
2.574297323326836917e+00 6.447755643405405079e-01
2.667753519865579293e+00 6.384010037899392920e+00
2.761209716404321668e+00 1.000341020467996334e+00
2.854665912943065820e+00 3.061974974113097492e+00
2.948122109481809971e+00 3.715453723412495801e+00
3.041578306020552347e+00 7.447583867012391501e+00
3.135034502559294722e+00 4.469653409860626425e+00
3.228490699098038874e+00 6.343095089437246870e+00
3.321946895636783026e+00 2.583417588806125487e+00
3.415403092175525401e+00 4.941469944779968593e+00
3.508859288714267777e+00 2.633888782648721172e+00
3.602315485253011929e+00 3.915821147483025122e-01
3.695771681791756080e+00 9.139483105272886432e-01
3.789227878330498456e+00 1.303367837488120573e+00
3.882684074869240831e+00 6.080191388934052199e+00
3.976140271407984983e+00 4.808411929804376150e+00
4.069596467946729135e+00 1.061089767240734716e+01
4.163052664485471510e+00 3.903257702195767731e+00
4.256508861024213886e+00 3.913581162627653764e+00
4.349965057562958037e+00 3.277670425616793448e+00
4.443421254101702189e+00 3.867142154876870741e+00
4.536877450640444565e+00 5.229592091890794769e+00
4.630333647179186940e+00 3.121294122766538059e+00
4.723789843717931092e+00 5.199345564388291763e+00
4.817246040256675244e+00 5.095741160722781160e+00
4.910702236795417619e+00 2.933015885001188927e+00
5.004158433334159994e+00 1.440164570081932327e+00
5.097614629872904146e+00 5.180290093663985296e+00
5.191070826411648298e+00 2.510042086613300527e-01
5.284527022950390673e+00 5.042112936139324653e+00
5.377983219489133049e+00 5.315486101702754596e+00
5.471439416027877201e+00 5.609844716071975768e+00
5.564895612566621352e+00 1.051661464289600012e+01
5.658351809105363728e+00 2.951711064637656978e+00
5.751808005644106103e+00 2.636247074323996742e+00
5.845264202182850255e+00 4.259151188530377219e+00
5.938720398721594407e+00 1.715668163478789365e+00
6.032176595260336782e+00 4.102570140654811404e+00
6.125632791799079158e+00 7.588734508642912324e+00
6.219088988337823309e+00 7.300065020004261385e+00
6.312545184876567461e+00 7.714032982630680380e+00
6.406001381415309837e+00 4.861431496744635261e+00
6.499457577954052212e+00 1.111220432955267690e+01
6.592913774492796364e+00 6.050236646251265782e+00
6.686369971031540516e+00 8.751932319945863625e+00
6.779826167570282891e+00 7.910181945348289112e+00
6.873282364109025266e+00 1.399767327760473634e+00
6.966738560647769418e+00 5.570477036313155494e+00
7.060194757186513570e+00 3.297789002456894991e+00
7.153650953725255945e+00 5.037053624924875628e+00
7.247107150263998321e+00 1.272037867263353661e+01
7.340563346802742473e+00 7.156098729739727382e+00
7.434019543341486624e+00 8.032767928805252922e+00
7.527475739880229000e+00 6.432228871638105971e+00
7.620931936418971375e+00 1.675968404730973971e+00
7.714388132957715527e+00 5.280177607784835025e+00
7.807844329496459679e+00 4.126632713295743216e+00
7.901300526035202054e+00 3.686304136216091543e+00
7.994756722573944430e+00 7.555687710267727120e+00
8.088212919112688581e+00 3.447256495032458457e+00
8.181669115651432733e+00 4.590874493504816023e+00
8.275125312190175109e+00 9.096040376943594907e+00
8.368581508728917484e+00 7.900673315178800671e+00
8.462037705267663412e+00 1.509159802170609765e+01
8.555493901806405788e+00 7.282476382680154181e+00
8.648950098345148163e+00 3.904383665555437144e+00
8.742406294883890538e+00 8.130822006234853516e-01
8.835862491422632914e+00 6.694967741926511451e+00
8.929318687961378842e+00 7.379900242319449077e+00
9.022774884500121217e+00 5.855999737548559736e+00
9.116231081038863593e+00 5.175048862364637792e+00
9.209687277577609521e+00 5.558653972078346328e+00
9.303143474116351896e+00 1.690738063146737691e+00
9.396599670655094272e+00 4.054940034342689792e+00
9.490055867193836647e+00 8.137527447554070648e+00
9.583512063732579023e+00 9.781667451544155512e+00
9.676968260271324951e+00 4.537180181799961076e+00
9.770424456810067326e+00 4.092082510976828402e+00
9.863880653348809702e+00 1.528321033258445427e-01
9.957336849887555630e+00 2.299316511484726711e+00
1.005079304642629801e+01 1.398306083047757831e+01
1.014424924296504038e+01 4.561000410831284491e+00
1.023770543950378276e+01 1.099042910319237798e+01
1.033116163604252513e+01 1.255097865916192568e+01
1.042461783258127106e+01 5.852362468650571969e+00
1.051807402912001344e+01 1.608063403648559708e+00
1.061153022565875581e+01 1.013488860538883651e+00
1.070498642219750174e+01 5.759540146938731953e-01
1.079844261873624411e+01 2.042395899428182560e+00
1.089189881527498471e+01 2.176690665887408961e-11
