-7.802746663391487481e+00 8.602494154782147290e-11
-7.700972303898903526e+00 3.135448605211298201e+01
-7.599197944406319571e+00 1.582674649162130720e+02
-7.497423584913735617e+00 1.295102453182944657e+02
-7.395649225421151662e+00 1.198806244701224557e+02
-7.293874865928567708e+00 8.350643221761922064e+01
-7.192100506435983753e+00 1.092125969994365420e+02
-7.090326146943399799e+00 7.031324804337009482e+01
-6.988551787450815844e+00 7.851303652690120316e+01
-6.886777427958231890e+00 1.079343040933005149e+00
-6.785003068465647935e+00 1.107852848481210434e-02
-6.683228708973063981e+00 2.485439322362967829e+00
-6.581454349480480026e+00 2.723794603022794591e-06
-6.479679989987896072e+00 9.403704741789693511e-01
-6.377905630495310341e+00 7.347768634763773409e-04
-6.276131271002726386e+00 3.423461396668728174e+00
-6.174356911510142432e+00 1.161242548231570471e+00
-6.072582552017558477e+00 3.501146385384423104e-02
-5.970808192524974523e+00 6.121287672089753329e+00
-5.869033833032390568e+00 8.062792175092785563e-01
-5.767259473539806613e+00 1.830674815970185776e+00
-5.665485114047222659e+00 1.714834662571139035e+00
-5.563710754554638704e+00 4.376159012788213509e+00
-5.461936395062054750e+00 2.773465193098184844e+00
-5.360162035569470795e+00 3.479263967754314124e-01
-5.258387676076886841e+00 3.796032841493514720e+00
-5.156613316584302886e+00 1.139977433286788155e+01
-5.054838957091718932e+00 2.462210031200860350e+00
-4.953064597599134977e+00 4.219643082258199840e+00
-4.851290238106551023e+00 1.071563873715033255e+00
-4.749515878613967068e+00 1.918037738337304843e+00
-4.647741519121383114e+00 1.778982011473574820e+00
-4.545967159628799159e+00 5.759458078771149611e-03
-4.444192800136215205e+00 6.215320075375899478e+00
-4.342418440643631250e+00 4.626771547653108385e+00
-4.240644081151047295e+00 3.326780839682815127e+00
-4.138869721658463341e+00 1.078960671061036436e+00
-4.037095362165879386e+00 2.549332868859659940e-17
-3.935321002673295432e+00 2.182781240304282333e-40
-3.833546643180711477e+00 2.182781240304282333e-40
-3.731772283688127523e+00 2.182781240304282333e-40
-3.629997924195542680e+00 1.955900433334858623e-13
-3.528223564702958726e+00 3.833931120961543204e+00
-3.426449205210374771e+00 4.662822361456830045e+00
-3.324674845717790816e+00 5.000070019720574521e+00
-3.222900486225206862e+00 3.791013164973088934e+00
-3.121126126732622907e+00 3.652104790180628058e+00
-3.019351767240038953e+00 4.712015310067841689e+00
-2.917577407747454998e+00 3.810127211769587685e+00
-2.815803048254871044e+00 1.011436608311226237e+01
-2.714028688762287089e+00 2.705729154841136186e+00
-2.612254329269703135e+00 5.746046402431098876e+00
-2.510479969777119180e+00 3.325701315990091445e+00
-2.408705610284535226e+00 3.016877033442253234e-02
-2.306931250791951271e+00 1.870849728989774853e-05
-2.205156891299367317e+00 4.092573903225572574e-01
-2.103382531806782474e+00 4.085320462441012517e-05
-2.001608172314198519e+00 2.845473944334344640e-01
-1.899833812821614565e+00 6.255196708378693238e+00
-1.798059453329030610e+00 4.594332279903912131e-02
-1.696285093836446656e+00 4.168391968798219160e+00
-1.594510734343862701e+00 5.382756978000085013e+00
-1.492736374851278747e+00 8.033298959961225449e+00
-1.390962015358694792e+00 5.205298366910171559e-01
-1.289187655866110838e+00 7.091309463386356704e+00
-1.187413296373526883e+00 1.096949938311412431e+01
-1.085638936880942929e+00 3.403563682630659226e-01
-9.838645773883589740e-01 3.957531963408640774e+00
-8.820902178957750195e-01 3.347298043706691262e-01
-7.803158584031910650e-01 3.730805377147397017e+00
-6.785414989106071104e-01 1.046292100446782314e+01
-5.767671394180231559e-01 5.214506213177368288e+00
-4.749927799254392013e-01 3.840176463819877650e+00
-3.732184204328543586e-01 6.876416596863389685e+00
-2.714440609402704041e-01 8.965901174352048031e+00
-1.696697014476864496e-01 7.533683232589155843e+00
-6.789534195510249504e-02 2.345374799582995884e+00
3.387901753748145950e-02 3.765135035009689712e+00
1.356533770300654140e-01 3.988213217687757606e+00
2.374277365226484804e-01 1.268255983114515262e+00
3.392020960152324349e-01 1.558510506650416261e+01
4.409764555078181658e-01 2.722159010797023271e+00
5.427508150004021203e-01 8.860228763666849972e+00
6.445251744929860749e-01 4.199076075901901461e+00
7.462995339855700294e-01 1.209671202028299586e+00
8.480738934781539839e-01 2.701557049074605033e+00
9.498482529707379385e-01 4.542708407740292387e+00
1.051622612463321893e+00 1.292155487819720783e+01
1.153396971955905848e+00 5.690005481176406477e+00
1.255171331448489802e+00 7.203156102197684874e+00
1.356945690941073757e+00 8.339368703139438566e+00
1.458720050433657711e+00 1.054688050269318549e-02
1.560494409926241666e+00 2.325702173668595183e-15
1.662268769418825620e+00 3.691001456636823441e+00
1.764043128911409575e+00 1.528701462332407446e-01
1.865817488403993529e+00 3.962728722501865253e+00
1.967591847896577484e+00 5.655991184884220750e-03
2.069366207389161438e+00 3.144562286330841727e-02
2.171140566881745393e+00 4.779680119116478387e+00
2.272914926374329347e+00 5.721448014174385754e+00
2.374689285866913302e+00 2.146940551802719962e-06
2.476463645359497256e+00 4.650744096171059105e+00
2.578238004852081211e+00 4.232923542049868981e-01
2.680012364344665166e+00 4.565018243844967571e+00
2.781786723837249120e+00 8.852857823893874878e-01
2.883561083329833075e+00 5.908208771558698835e+00
2.985335442822417029e+00 1.565372089880893824e+01
3.087109802315000984e+00 4.638994031702763365e+00
3.188884161807584938e+00 3.245637298970508766e+01
3.290658521300168893e+00 1.002014858618352555e+01
3.392432880792752847e+00 3.777694930534162943e+00
3.494207240285336802e+00 1.816501988911745968e+01
3.595981599777922533e+00 1.582964026068784946e+00
3.697755959270506487e+00 1.866467384439391353e+01
3.799530318763090442e+00 1.123369757820815629e+01
3.901304678255674396e+00 9.547699222415088061e-01
4.003079037748258351e+00 1.990138975539974808e+01
4.104853397240842305e+00 8.980336589925698831e+00
4.206627756733426260e+00 7.306270093676250355e+00
4.308402116226010214e+00 3.007030196183741122e+00
4.410176475718594169e+00 8.157432240599616691e+00
4.511950835211178124e+00 8.326199406772950340e+00
4.613725194703762078e+00 6.010921263646476831e+00
4.715499554196346033e+00 3.521906154208220396e+00
4.817273913688929987e+00 6.022269245081921518e+00
4.919048273181513942e+00 1.072077297871474677e+01
5.020822632674097896e+00 4.771053059302372112e+00
5.122596992166681851e+00 8.087824215970496056e+00
5.224371351659265805e+00 6.123084907519071862e+00
5.326145711151849760e+00 7.078236949582349169e+00
5.427920070644433714e+00 4.648965553890119118e+00
5.529694430137017669e+00 1.611283736628794827e+01
5.631468789629601623e+00 9.602526466167693897e+00
5.733243149122185578e+00 1.195898420080076541e+01
5.835017508614769532e+00 9.760264129503646302e+00
5.936791868107353487e+00 1.920247321734856172e+01
6.038566227599937442e+00 1.167635485671546292e+01
6.140340587092521396e+00 9.956931408892634394e+00
6.242114946585105351e+00 1.153243498736483730e+01
6.343889306077689305e+00 7.438082343141782182e+00
6.445663665570273260e+00 1.075710066030397094e+00
6.547438025062857214e+00 1.269421739899526180e+01
6.649212384555441169e+00 2.566388103313502711e+01
6.750986744048025123e+00 1.105372320800186436e+01
6.852761103540609078e+00 9.991990954307468087e+00
6.954535463033194809e+00 5.093361741959075317e+00
7.056309822525778763e+00 2.340338800852959977e+01
7.158084182018362718e+00 6.884200864792990870e-01
7.259858541510946672e+00 2.444035677456750655e+00
7.361632901003530627e+00 5.296068003540296054e+00
7.463407260496114581e+00 1.657821202635047797e+01
7.565181619988698536e+00 1.059246278294597765e+01
7.666955979481282490e+00 7.178799768477643894e+00
7.768730338973866445e+00 2.832410167923741229e-01
7.870504698466450400e+00 1.432449694169855192e+01
7.972279057959034354e+00 6.331668247427412410e+00
8.074053417451619197e+00 1.028789619943170663e+01
8.175827776944203151e+00 6.959686357240174814e+00
8.277602136436783553e+00 1.266236065827972368e+01
8.379376495929367508e+00 1.335702643449295479e+01
8.481150855421951462e+00 7.418271323373375026e+00
8.582925214914538969e+00 1.377892048598823393e+01
8.684699574407122924e+00 1.448221490123184196e+01
8.786473933899706878e+00 2.456883450130952884e+00
8.888248293392290833e+00 8.348177132468213912e+00
8.990022652884874788e+00 1.299863921945134315e+01
9.091797012377458742e+00 1.063455317684514334e+01
9.193571371870042697e+00 5.489501995103967857e+00
9.295345731362626651e+00 1.591455051673921695e+01
9.397120090855210606e+00 1.821838719391690020e+01
9.498894450347794560e+00 1.448639229730639144e+01
9.600668809840378515e+00 1.768151176518967915e+01
9.702443169332962469e+00 1.535661999193701632e+01
9.804217528825546424e+00 7.538162760128303219e+00
9.905991888318130378e+00 1.535846413559455392e+01
1.000776624781071433e+01 1.768888415124148183e+00
1.010954060730329829e+01 7.522696802745895361e+00
1.021131496679588224e+01 1.811281693940817661e+01
1.031308932628846620e+01 9.754477077586599876e+00
1.041486368578105015e+01 1.843612746006474623e+01
1.051663804527363411e+01 6.241809829080824379e+00
1.061841240476621806e+01 4.139630249354577352e+00
1.072018676425880201e+01 6.553847430503823013e+00
1.082196112375138597e+01 1.470459283160657016e+01
1.092373548324396992e+01 1.011757875768577719e+01
1.102550984273655388e+01 9.129258994356952428e+00
1.112728420222913783e+01 1.441333433774899753e+01
1.122905856172172179e+01 4.858040926675772475e+00
1.133083292121430574e+01 1.929775371292645048e+01
1.143260728070688970e+01 1.428809053985568767e+01
1.153438164019947365e+01 8.777605402290665770e-01
1.163615599969205761e+01 1.672976132500124180e+01
1.173793035918464156e+01 7.922313544730156032e+00
1.183970471867722551e+01 3.320728725324248121e+00
1.194147907816980947e+01 2.942059909816071350e+00
1.204325343766239342e+01 3.381454148320151010e+00
1.214502779715497738e+01 1.210162199438908104e+01
1.224680215664756133e+01 8.335251593200286635e+00
1.234857651614014529e+01 1.434756429165133268e-11
1.245035087563272924e+01 4.664719548414819172e+00
1.255212523512531320e+01 6.529527721258381872e-11
