V, MHC_k, MHC_DOS_k
-5.0	8.00088377040202	82.1394409652347
-4.995	8.000883770402018	82.34140690998942
-4.99	8.000883770402016	82.53708785144491
-4.985	8.000883770402016	82.72639332045333
-4.98	8.000883770402016	82.90923200505543
-4.975	8.000883770402012	83.08551187949838
-4.97	8.000883770402012	83.25514035343521
-4.965	8.00088377040201	83.41802454391177
-4.96	8.000883770402007	83.57407087403284
-4.955	8.000883770402005	83.72318633792815
-4.95	8.000883770402002	83.865278088544
-4.945	8.000883770402	84.00024871618538
-4.94	8.000883770401995	84.12801935409382
-4.935	8.000883770401993	84.24848585788125
-4.93	8.000883770401991	84.36156249774594
-4.925	8.000883770401986	84.46716052267226
-4.92	8.000883770401984	84.56519280735147
-4.915	8.000883770401977	84.6555739546774
-4.91	8.000883770401982	84.73822101594574
-4.905	8.00088377040202	84.81305331713975
-4.9	8.00088377040202	84.87999267388034
-4.895	8.000883770402021	84.93896410164425
-4.89	8.000883770402021	84.98989578657985
-4.885	8.000883770402021	85.03271952844048
-4.88	8.000883770402021	85.06737078362555
-4.875	8.000883770402023	85.09378932070543
-4.87	8.000883770402021	85.1119190689201
-4.865	8.00088377040202	85.12170901084357
-4.86	8.000883770402021	85.12311279325084
-4.855	8.000883770402023	85.11608931171212
-4.85	8.000883770402021	85.10060316659805
-4.845	8.000883770402023	85.07662456396226
-4.84	8.000883770402025	85.04376981758837
-4.835	8.000883770402023	85.00310097518938
-4.83	8.000883770402025	84.95352741135333
-4.825	8.000883770402023	84.89540476547448
-4.82	8.000883770402025	84.82873557460864
-4.815	8.000883770402012	84.75352957596603
-4.81	8.000883770402025	84.66980368613082
-4.805	8.000883770402025	84.57758230276255
-4.8	8.000883770402027	84.47689785946037
-4.795	8.000883770402025	84.36778990906068
-4.79	8.000883770402025	84.25030649400735
-4.785	8.000883770402027	84.1245024720172
-4.78	8.000883770402025	83.99044176875702
-4.775	8.000883770402027	83.84819611922926
-4.77	8.000883770402025	83.69784538725524
-4.765	8.000883770402025	83.53947734444303
-4.76	8.000883770402023	83.37318815826606
-4.755	8.000883770402023	83.19908191380357
-4.75	8.000883770398676	83.01727078370695
-4.745	8.000883770402025	82.8278749450342
-4.74	8.000883770402023	82.63102249175729
-4.735	8.000883770402025	82.42684921280171
-4.73	8.000883770402023	82.2154984321249
-4.725	8.000883770402023	81.9971213304884
-4.72	8.000883770402023	81.77187591101817
-4.715	8.000883770402025	81.53992773825117
-4.71	8.000883770402023	81.30144890476362
-4.705	8.000883770402021	81.05661826794936
-4.7	8.000883770402023	80.80562118279389
-4.695	8.000883770402021	80.54864902072237
-4.69	8.000883770402021	80.28589898676631
-4.685	8.000883770402023	80.01757383584167
-4.68	8.00088377040202	79.74388144424815
-4.675	8.000883770402021	79.46503477339462
-4.67	8.000883770402021	79.1812510899136
-4.665	8.000883770402021	78.8927518884716
-4.66	8.000883770402021	78.59976238061213
-4.655	8.000883770401982	78.30251112656823
-4.65	8.000883770401977	78.00122979273455
-4.645	8.000883770401977	77.69615253227212
-4.64	8.000883770401986	77.38751567094356
-4.635	8.00088377040199	77.07555636807321
-4.63	8.000883770401991	76.76051601995793
-4.625	8.000883770401993	76.44263387655276
-4.62	8.000883770401998	76.12215079775626
-4.615	8.000883770402002	75.79930828158639
-4.61	8.000883770470828	75.47434521224386
-4.605	8.000883770461385	75.14750203526322
-4.6	8.000883770452875	74.81901711475756
-4.595	8.000883770445306	74.48912706548583
-4.59	8.000883770438634	74.15806653252885
-4.585	8.000883770432809	73.82606739903939
-4.58	8.000883770427771	73.49335922137232
-4.575	8.000883770423442	73.16016754332928
-4.57	8.000883770419753	72.82671469339638
-4.565	8.000883770416626	72.49321858194203
-4.56	8.000883770413997	72.15989287289145
-4.555	8.000883770411797	71.82694637155663
-4.55	8.000883770409965	71.49458242142697
-4.545	8.00088377040845	71.1629994434186
-4.54	8.000883770407201	70.83238956447329
-4.535	8.000883770406181	70.50293886905975
-4.53	8.000883770405347	70.17482677108369
-4.525	8.00088377040467	69.84822679152305
-4.52	8.000883770404123	69.52330449288796
-4.515	8.000883770403684	69.20021869779758
-4.51	8.000883770403329	68.87912061212901
-4.505	8.000883770403043	68.56015383287298
-4.5	8.000883770402822	68.24345402488336
-4.495	8.000883770402648	67.92914874099796
-4.49	8.000883770402508	67.61735733892401
-4.485	8.000883770402396	67.30819085516079
-4.48	8.000883770402313	67.00175162575816
-4.475	8.000883770402245	66.69813352399332
-4.47	8.000883770402194	66.39742149912772
-4.465	8.000883770402154	66.09969174788078
-4.46	8.000883770402123	65.80501159539594
-4.455	8.0008837704021	65.51343937242645
-4.45	8.00088377040208	65.22502445167581
-4.445	8.000883770402066	64.93980654399871
-4.44	8.000883770402057	64.65781831512422
-4.435	8.000883770402075	64.37908162364954
-4.43	8.000883770402043	64.1036094232985
-4.425	8.000883770402039	63.83140685951955
-4.42	8.000883770402034	63.56246852717459
-4.415	8.000883770402032	63.29678177600788
-4.41	8.00088377040203	63.03432461348212
-4.405	8.000883770402016	62.77506659383392
-4.4	8.000883770402028	62.51896868070126
-4.395	8.000883770402027	62.26598352147574
-4.39	8.000883770402027	62.016055492119385
-4.385	8.000883770402027	61.7691209162691
-4.38	8.000883770402027	61.52510817765546
-4.375	8.000883770402027	61.28393803144881
-4.37	8.000883770402027	61.04552354805525
-4.365	8.000883770402028	60.80977049683892
-4.36	8.00088377040203	60.57657752168784
-4.355	8.000883770402032	60.345836351760234
-4.35	8.000883770402034	60.11743191689207
-4.345	8.000883770402037	59.89124286724589
-4.34	8.000883770402043	59.66714146218506
-4.335	8.000883770402048	59.44499409339343
-4.33	8.000883770402059	59.22466152061863
-4.325	8.000883770402075	59.00599879420942
-4.32	8.000883770402096	58.788856195870835
-4.315	8.000883770402128	58.57307902480388
-4.31	8.000883770402169	58.358507730210306
-4.305	8.00088377040223	58.144978860301705
-4.3	8.000883770402316	57.93232495167049
-4.295	8.000883770402432	57.72037476553882
-4.29	8.000883770402599	57.50895373278014
-4.285	8.00088377040283	57.29788435913513
-4.28	8.000883770403144	57.08698638700357
-4.275	8.000883770403576	56.87607741186378
-4.27	8.000883770404176	56.66497284711779
-4.265	8.000883770404991	56.453486538056325
-4.26	8.000883770406103	56.241430974029335
-4.255	8.000883770407615	56.028617694304934
-4.25	8.000883770409665	55.814857563726925
-4.245	8.00088377041243	55.59996151103664
-4.24	8.00088377041615	55.38373975202882
-4.235	8.000883770421149	55.16600459793601
-4.23	8.000883770427844	54.946566311828654
-4.225	8.000883770436767	54.7252389587415
-4.22	8.000883770448633	54.501837279955325
-4.215	8.00088377046436	54.27617783106137
-4.21	8.000883770485146	54.04807926668661
-4.205	8.000883770512534	53.81736331112155
-4.2	8.000883770548503	53.58385366012751
-4.195	8.000883770595602	53.34737911053066
-4.19	8.000883770657085	53.107770369044324
-4.185	8.000883770737097	52.8648627959868
-4.18	8.000883770840897	52.6184961905512
-4.175	8.000883770975143	52.36851471224674
-4.17	8.000883771148224	52.11476779714766
-4.165	8.000883771370674	51.85711011380823
-4.16	8.000883771655676	51.59540209840605
-4.155	8.000883772019668	51.32951586512093
-4.15	8.000883770441831	51.05931190157167
-4.145	8.000883770448942	50.78467559884539
-4.14	8.000883770456975	50.50548836779867
-4.135	8.000883770465949	50.22165308931182
-4.13	8.000883770402005	49.93306520579989
-4.125	8.000883770402002	49.63963295877636
-4.12	8.000883770401998	49.34127234936749
-4.115	8.000883770401993	49.037907677022645
-4.11	8.000883770401991	48.72947142885432
-4.105	8.000883770401988	48.415904818401245
-4.1	8.000883770401984	48.097157642414416
-4.095	8.000883770401982	47.77318872070073
-4.09	8.000883770401982	47.44396592463422
-4.085	8.00088377040202	47.109466406594436
-4.08	8.00088377040202	46.76967650482351
-4.075	8.000883770402021	46.42459221809913
-4.07	8.000883770402021	46.07421897468531
-4.065	8.000883770402021	45.71857198098924
-4.06	8.000883770402021	45.357676053507696
-4.055	8.000883770402021	44.99156567621496
-4.05	8.000883770402021	44.62028525871259
-4.045	8.00088377040202	44.24388715859387
-4.04	8.00088377040202	43.86244034601083
-4.035	8.00088377040202	43.476013247584646
-4.03	8.000883770402021	43.0846907658236
-4.025	8.000883770402046	42.68856569538358
-4.02	8.000883770402021	42.28774030314099
-4.015	8.00088377040202	41.88232604034007
-4.01	8.000883770402021	41.47244440333654
-4.005	8.00088377040202	41.058224598266136
-4.0	8.00088377040202	40.63980593207358
-3.995	8.000883770398197	40.21733552358379
-3.99	8.00088377040202	39.790969985132094
-3.985	8.000883770402018	39.360873453329425
-3.98	8.00088377040202	38.92721827023628
-3.975	8.000883770402021	38.49018463389046
-3.97	8.000883770402021	38.04996020708952
-3.965	8.00088377040202	37.60674126119085
-3.96	8.000883770402021	37.16072656830461
-3.955	8.00088377040202	36.712125797346665
-3.95	8.000883770402021	36.2611534748898
-3.945	8.000883770402021	35.808029980014794
-3.94	8.000883770402021	35.35298110357232
-3.935	8.000883770402021	34.89623783614974
-3.93	8.000883770398588	34.4380358855199
-3.925	8.000883770402023	33.978615378176535
-3.92	8.000883770402021	33.51822030947711
-3.915	8.00088377040202	33.05709826631936
-3.91	8.000883770402023	32.59549993713603
-3.905	8.00088377040202	32.13367880603768
-3.9	8.00088377040202	31.6718905836547
-3.895	8.000883770402021	31.21039295301228
-3.89	8.00088377040202	30.749444959208205
-3.885	8.000883770402021	30.289306809679776
-3.88	8.00088377040202	29.83023922316957
-3.875	8.00088377040202	29.372503243004285
-3.87	8.00088377040202	28.91635961134634
-3.865	8.000883770402021	28.462068517213115
-3.86	8.000883770402023	28.009889194989366
-3.855	8.000883770402021	27.56007943808474
-3.85	8.000883770402021	27.112895313500417
-3.845	8.000883770402021	26.668589847221114
-3.84	8.000883770402021	26.227415920891865
-3.835	8.000883770401986	25.789621303933647
-3.83	8.000883770401982	25.355451351791697
-3.825	8.000883770401982	24.92514782800001
-3.82	8.000883770401988	24.4989502307104
-3.815	8.000883770401991	24.077089428407916
-3.81	8.000883770401995	23.65979617531312
-3.805	8.000883770401998	23.24729517441585
-3.8	8.000883770402002	22.83980612448846
-3.795	8.000883770402003	22.437543565087324
-3.79	8.000883770402007	22.04071664589942
-3.785	8.000883770402009	21.649528890510894
-3.78	8.000883770402012	21.26417803509699
-3.775	8.000883770402016	20.88485582953024
-3.77	8.000883770402016	20.511747906893817
-3.765	8.000883770402016	20.145033649786928
-3.76	8.000883770402018	19.78488604920956
-3.755	8.000883770402021	19.43147155894869
-3.75	8.000883770402021	19.08495021167302
-3.745	8.000883770402021	18.745475094947007
-3.74	8.000883770402023	18.413193052252723
-3.735	8.000883770402023	18.08824381773016
-3.73	8.000883770402021	17.77076043114017
-3.725	8.000883770402025	17.46086915432753
-3.72	8.000883770402023	17.158689474611858
-3.715	8.000883770402023	16.864334088517705
-3.71	8.000883770402023	16.577908962766493
-3.705	8.000883770402023	16.29951331431878
-3.7	8.000883770402023	16.029239676547366
-3.695	8.000883770402023	15.767174078875998
-3.69	8.000883770402021	15.513395816857043
-3.685	8.00088377040202	15.26797783809929
-3.68	8.000883770402023	15.03098668122957
-3.675	8.000883770402023	14.802482489398509
-3.67	8.000883770402023	14.582519364643728
-3.665	8.000883770402023	14.371145143961323
-3.66	8.000883770402021	14.168401661471034
-3.655	8.000883770402023	13.974324938021697
-3.65	8.000883770402023	13.788945117513009
-3.645	8.000883770402021	13.61228668402882
-3.64	8.000883770402023	13.44436856443384
-3.635	8.000883770402021	13.285204300221872
-3.63	8.000883770402021	13.134801844767313
-3.625	8.000883770402023	12.993164182929258
-3.62	8.000883770402021	12.860289089373527
-3.615	8.00088377040204	12.736169349705499
-3.61	8.000883770402023	12.620792841500025
-3.605	8.000883770402021	12.514142701684884
-3.6	8.000883770402021	12.416197075010349
-3.595	8.000883770402023	12.326930246006228
-3.59	8.000883770402021	12.246311293423846
-3.585	8.000883770402016	12.174305171613822
-3.58	8.000883770402023	12.110872488885793
-3.575	8.000883770402023	12.055969634928012
-3.57	8.000883770402023	12.009548808809297
-3.565	8.000883770402021	11.971558150647915
-3.56	8.000883770402021	11.941941760212353
-3.555	8.000883770402021	11.920639789313343
-3.55	8.000883770402021	11.907588457648782
-3.545	8.000883770402023	11.902720138285558
-3.54	8.000883770402021	11.905963387294127
-3.535	8.000883770402023	11.917242975165948
-3.53	8.000883770402021	11.936479937201772
-3.525	8.000883770402021	11.963591533006372
-3.52	8.000883770402023	11.9984920348391
-3.515	8.000883770402021	12.041090068262498
-3.51	8.000883770402023	12.091292496474411
-3.505	8.000883770402021	12.149001925995872
-3.5	8.000883770402021	12.214117293279633
-3.495	8.00088377040202	12.286533848309276
-3.49	8.000883770402021	12.366143230175
-3.485	8.000883770402021	12.452833394403012
-3.48	8.000883770402023	12.546488616078767
-3.475	8.000883770402021	12.64698952322631
-3.47	8.000883770402021	12.754213015863241
-3.465	8.000883770402023	12.868032328056229
-3.46	8.000883770402021	12.988316965418429
-3.455	8.00088377040202	13.114932694132875
-3.45	8.000883770402023	13.247741651583752
-3.445	8.000883770402021	13.3866018992388
-3.44	8.000883770402021	13.531368378208283
-3.435	8.000883770402021	13.681890950554946
-3.43	8.000883770402023	13.838017703257933
-3.425	8.000883770402023	13.999591439309869
-3.42	8.00088377040202	14.166451479798106
-3.415	8.000883770402023	14.338433504696072
-3.41	8.000883770402021	14.515369390597138
-3.405	8.000883770402023	14.697087205283596
-3.4	8.000883770402023	14.883411332051526
-3.395	8.000883770402021	15.074162520144235
-3.39	8.000883770402023	15.269157445323772
-3.385	8.000883770402021	15.468209464229489
-3.38	8.000883770402023	15.67112823431803
-3.375	8.000883770402021	15.877719777169327
-3.37	8.000883770402023	16.08778660764093
-3.365	8.000883770402023	16.301127762546173
-3.36	8.000883770402021	16.517539040245065
-3.355	8.00088377040202	16.736812328268705
-3.35	8.000883770402018	16.95873684905931
-3.345	8.000883770402018	17.18309849886074
-3.34	8.000883770402018	17.409680079994025
-3.335	8.000883770402018	17.638261465313047
-3.33	8.000883770402014	17.86861966171714
-3.325	8.000883770402012	18.10052897187698
-3.32	8.00088377040201	18.33376119276088
-3.315	8.000883770402007	18.56808545024588
-3.31	8.000883770402005	18.80326882511308
-3.305	8.000883770402002	19.039076191302044
-3.3	8.000883770401986	19.275270463828804
-3.295	8.000883770401995	19.511612718577865
-3.29	8.000883770401991	19.7478624709825
-3.285	8.00088377040199	19.983777868506817
-3.28	8.000883770401986	20.219115790630514
-3.275	8.00088377040198	20.453632169479405
-3.27	8.000883770401984	20.687082164966366
-3.265	8.000883770402023	20.919220320168563
-3.26	8.000883770402023	21.149800931052038
-3.255	8.000883770402023	21.378578190208916
-3.25	8.000883770402021	21.60530643528629
-3.245	8.000883770402021	21.829740455374193
-3.24	8.000883770402021	22.051635684662042
-3.235	8.000883770402021	22.270748524022878
-3.23	8.000883770402021	22.486836569215253
-3.225	8.000883770402023	22.699658914143473
-3.22	8.000883770402021	22.908976414997138
-3.215	8.000883770402021	23.114551954332974
-3.21	8.000883770402021	23.31615078590473
-3.205	8.000883770402043	23.51354076520135
-3.2	8.00088377040202	23.706492615131367
-3.195	8.000883770402023	23.894780227559572
-3.19	8.000883770402021	24.078181253565305
-3.185	8.000883770402023	24.25647686796966
-3.18	8.000883770402023	24.429452438438428
-3.175	8.000883770398284	24.596897673344827
-3.17	8.000883770402023	24.75860706413323
-3.165	8.000883770402023	24.914379890452132
-3.16	8.000883770402021	25.06402085587493
-3.155	8.000883770402023	25.207340235389466
-3.15	8.000883770402023	25.344153876946514
-3.145	8.000883770402023	25.4742840407092
-3.14	8.000883770402023	25.59755920871526
-3.135	8.000883770402023	25.71381457852118
-3.13	8.000883770402023	25.822892272566758
-3.125	8.000883770402023	25.92464151675008
-3.12	8.000883770402023	26.018918961017917
-3.115	8.000883770402023	26.1055890314435
-3.11	8.000883770398502	26.18452387558524
-3.105	8.000883770402021	26.255603883400354
-3.1	8.000883770402021	26.318717653660137
-3.095	8.000883770402021	26.373762474351594
-3.09	8.000883770402023	26.4206441608643
-3.085	8.000883770402021	26.459277511304908
-3.08	8.000883770402021	26.489586317700702
-3.075	8.000883770402025	26.511503619670798
-3.07	8.000883770402021	26.524971740335026
-3.065	8.000883770402021	26.529942489674355
-3.06	8.000883770402021	26.526377235606304
-3.055	8.000883770402023	26.51424692938652
-3.05	8.000883770402023	26.493532370321752
-3.045	8.00088377040202	26.46422398994506
-3.04	8.000883770402021	26.42632212796039
-3.035	8.000883770402021	26.37983698196581
-3.03	8.000883770402023	26.324788559565086
-3.025	8.000883770402021	26.261206689296134
-3.02	8.000883770402023	26.189131054243312
-3.015	8.000883770401984	26.108611115428758
-3.01	8.000883770401982	26.01970593698076
-3.005	8.000883770401986	25.922484306777324
-3.0	8.000883770401988	25.817024419546097
-2.995	8.00088377040199	25.703413892866013
-2.99	8.000883770401995	25.581749620921027
-2.985	8.000883770401998	25.4521374702173
-2.98	8.000883770402002	25.314692429357773
-2.975	8.000883770402003	25.169538020457345
-2.97	8.000883770468992	25.01680634369135
-2.965	8.000883770459723	24.856637740036962
-2.96	8.000883770402016	24.689180651837695
-2.955	8.000883770443991	24.51459125098271
-2.95	8.00088377215475	24.33303333369784
-2.945	8.000883771761663	24.144677544851948
-2.94	8.000883771453566	23.94970179420761
-2.935	8.00088377121285	23.748290553639258
-2.93	8.000883771025372	23.54063441916793
-2.925	8.000883770879812	23.32692992443213
-2.92	8.000883770767151	23.107379243250435
-2.915	8.000883770680225	22.88218967847738
-2.91	8.000883770613365	22.65157340593759
-2.905	8.000883770562096	22.415747048216456
-2.9	8.000883770522902	22.17493126794911
-2.895	8.000883770493033	21.929349888093846
-2.89	8.000883770470328	21.679231456057767
-2.885	8.000883770453152	21.4248060803415
-2.88	8.000883770440174	21.16630666172457
-2.875	8.000883770430406	20.90396911243819
-2.87	8.000883770423073	20.638028391364784
-2.865	8.000883770417586	20.368723250782814
-2.86	8.000883770413495	20.09629237447595
-2.855	8.000883770410454	19.820974955275172
-2.85	8.000883770408198	19.543010252318705
-2.845	8.000883770406533	19.262637095485005
-2.84	8.000883770405306	18.980093586795125
-2.835	8.000883770404405	18.695616758560618
-2.83	8.000883770403744	18.409442074920356
-2.825	8.000883770403265	18.121803167649766
-2.82	8.000883770402915	17.832931451543537
-2.815	8.000883770402663	17.54305575530142
-2.81	8.000883770402478	17.252402056328442
-2.805	8.000883770402346	16.96119305795128
-2.8	8.00088377040225	16.669647952518993
-2.795	8.000883770402208	16.37798212921154
-2.79	8.000883770402135	16.086406845936413
-2.785	8.000883770402101	15.795128991310825
-2.78	8.000883770402076	15.504350824485337
-2.775	8.000883770402059	15.214269779610333
-2.77	8.000883770402048	14.925078161777476
-2.765	8.000883770402034	14.636963001559577
-2.76	8.000883770402034	14.350105854437409
-2.755	8.000883770402028	14.064682549952913
-2.75	8.000883770402027	13.780863332823243
-2.745	8.000883770402023	13.498812298313515
-2.74	8.000883770402023	13.218687519172246
-2.735	8.000883770402021	12.940640950592785
-2.73	8.000883770402021	12.664818213708651
-2.725	8.000883770402021	12.391358638031418
-2.72	8.000883770402023	12.120395142765592
-2.715	8.000883770402023	11.852054221618902
-2.71	8.000883770402023	11.586455757587027
-2.705	8.000883770402023	11.323713613260962
-2.7	8.00088377040202	11.063934705741524
-2.695	8.000883770402027	10.80721967428701
-2.69	8.000883770402027	10.553662730593143
-2.685	8.00088377040203	10.303351718491822
-2.68	8.000883770402032	10.056368152739804
-2.675	8.000883770402037	9.8127872765651
-2.67	8.000883770402067	9.57267820121241
-2.665	8.000883770402051	9.336103941775578
-2.66	8.000883770402062	9.103121076309693
-2.655	8.000883770402073	8.873781590987806
-2.65	8.00088377040209	8.648130497635247
-2.645	8.000883770402114	8.426207599468311
-2.64	8.000883770402142	8.208047872005288
-2.635	8.000883770402178	7.99367898608445
-2.63	8.000883770402227	7.783125306181346
-2.625	8.00088377040229	7.576405508056991
-2.62	8.000883770402371	7.373533491689496
-2.615	8.00088377040247	7.1745170866836965
-2.61	8.0008837704026	6.97936316662796
-2.605	8.000883770402766	6.788070773013746
-2.6	8.000883770402972	6.600635852991798
-2.595	8.000883770403236	6.417050297190241
-2.59	8.000883770403563	6.237302131706119
-2.585	8.000883770403977	6.061375684244952
-2.58	8.000883770404487	5.889251784230347
-2.575	8.00088377040512	5.720907891396382
-2.57	8.0008837704059	5.556318327251644
-2.565	8.000883770406858	5.395454389393344
-2.56	8.000883770408032	5.238284581111574
-2.555	8.000883770409457	5.084774735785209
-2.55	8.000883770411182	4.934888212240462
-2.545	8.00088377041326	4.788586039547279
-2.54	8.000883770415747	4.645827098980489
-2.535	8.000883770418708	4.506568264593757
-2.53	8.000883770422211	4.370764589164139
-2.525	8.000883770426327	4.2383693926666615
-2.52	8.000883770431134	4.109334485454629
-2.515	8.000883770436701	3.983610262506894
-2.51	8.000883770443094	3.8611458610597453
-2.505	8.000883770402014	3.74188928222615
-2.5	8.00088377045859	3.625787544507979
-2.495	8.000883770467738	3.512786784655681
-2.49	8.000883770402005	3.4028323919635852
-2.485	8.000883770402003	3.2958691220957936
-2.48	8.000883770401984	3.1918411988169164
-2.475	8.000883770401995	3.090692430589481
-2.47	8.000883770401991	2.9923663329018693
-2.465	8.00088377040199	2.896806154524723
-2.46	8.000883770401986	2.803955065666949
-2.455	8.000883770401982	2.7137561614944934
-2.45	8.000883770401984	2.626152605437724
-2.445	8.000883770402023	2.5410876743657544
-2.44	8.000883770402021	2.4585048364597424
-2.435	8.000883770402023	2.3783478210828175
-2.43	8.000883770402023	2.30056070080504
-2.425	8.000883770402023	2.2250879217770256
-2.42	8.000883770402021	2.1518743808161314
-2.415	8.000883770402021	2.080865473160589
-2.41	8.000883770402023	2.012007137401969
-2.405	8.000883770402023	1.9452459078208089
-2.4	8.000883770402021	1.880528952023673
-2.395	8.00088377040202	1.817804102291774
-2.39	8.000883770402021	1.7570198900299614
-2.385	8.00088377040204	1.698125593890611
-2.38	8.000883770402023	1.6410712407487937
-2.375	8.000883770402023	1.5858076532143084
-2.37	8.000883770402021	1.5322864564761447
-2.365	8.000883770402021	1.480460104958342
-2.36	8.000883770402023	1.4302819010151644
-2.355	8.000883770398373	1.3817059961574336
-2.35	8.000883770402023	1.3346874231986798
-2.345	8.000883770402023	1.2891820823112576
-2.34	8.000883770402023	1.2451467655360005
-2.335	8.000883770402023	1.2025391539319537
-2.33	8.000883770402021	1.1613178259920818
-2.325	8.000883770402021	1.1214422558041293
-2.32	8.000883770402023	1.0828728129407628
-2.315	8.000883770402023	1.0455707648102937
-2.31	8.000883770402023	1.009498268051295
-2.305	8.000883770402021	0.9746183724664764
-2.3	8.000883770402023	0.9408950066652012
-2.295	8.000883770402021	0.9082929793128901
-2.29	8.000883770398405	0.8767779571739831
-2.285	8.000883770402021	0.8463164929924084
-2.28	8.000883770402023	0.8168759678684919
-2.275	8.00088377040202	0.7884246120284637
-2.27	8.000883770402021	0.7609314844940004
-2.265	8.000883770402021	0.734366465551913
-2.26	8.000883770402044	0.7087002418823967
-2.255	8.000883770402021	0.68390429375622
-2.25	8.000883770402021	0.6599508830182907
-2.245	8.00088377040202	0.6368130407417991
-2.24	8.000883770402021	0.6144645530237035
-2.235	8.000883770402021	0.592879944204126
-2.23	8.000883770402023	0.572034468439886
-2.225	8.000883770402021	0.5519040882050786
-2.22	8.000883770402021	0.5324654653007492
-2.215	8.000883770402021	0.5136959451147463
-2.21	8.000883770402021	0.4955735376120875
-2.205	8.000883770402021	0.4780769096206741
-2.2	8.00088377040202	0.4611853644371725
-2.195	8.000883770401986	0.4448788292164163
-2.19	8.000883770401982	0.4291378401490719
-2.185	8.000883770401986	0.413943528179818
-2.18	8.00088377040199	0.3992776029930929
-2.175	8.000883770401991	0.3851223365318451
-2.17	8.000883770401995	0.3714605610555555
-2.165	8.000883770401996	0.3582756357959304
-2.16	8.000883770402002	0.3455514464808844
-2.155	8.000883770402003	0.333272387613867
-2.15	8.000883770402007	0.3214233464134786
-2.145	8.000883770402009	0.30998969823701106
-2.14	8.000883770402012	0.2989572805975271
-2.135	8.000883770402014	0.28831238857734454
-2.13	8.000883770402014	0.278041759808984
-2.125	8.000883770402018	0.2681325617970267
-2.12	8.00088377040202	0.2585723801310483
-2.115	8.000883770402018	0.2493492059822551
-2.11	8.00088377040202	0.24045142445895443
-2.105	8.000883770402021	0.23186780277672167
-2.1	8.000883770402021	0.22358747924212635
-2.095	8.000883770402021	0.21559995132281165
-2.09	8.000883770402023	0.2078950664549092
-2.085	8.000883770402023	0.20046300954273188
-2.08	8.000883770402023	0.1932942936243174
-2.075	8.000883770402021	0.18637975005549384
-2.07	8.000883770402021	0.1797105188276241
-2.065	8.000883770402021	0.17327803667736724
-2.06	8.000883770402023	0.167074031021679
-2.055	8.000883770402021	0.16109050894124316
-2.05	8.000883770402021	0.1553197485387282
-2.045	8.000883770402021	0.14975429076457739
-2.04	8.000883770402021	0.14438693052017562
-2.035	8.000883770402023	0.13921070898915922
-2.03	8.000883770402021	0.13421890530080924
-2.025	8.000883770402021	0.1294050287539472
-2.02	8.00088377040202	0.12476281192682619
-2.015	8.000883770402021	0.12028620291551301
-2.01	8.00088377040202	0.11596935780072133
-2.005	8.000883770402023	0.11180663555532766
-2.0	8.000883770402021	0.10779258927229107
-1.995	8.000883770402021	0.1039219608838492
-1.99	8.000883770402021	0.10018967473348384
-1.985	8.000883770402023	0.09659083119385699
-1.98	8.000883770402023	0.09312070142698552
-1.975	8.000883770402044	0.08977472085231022
-1.97	8.000883770402021	0.08654848419923379
-1.965	8.000883770402023	0.08343773985716012
-1.96	8.000883770402023	0.08043838514945478
-1.955	8.000883770402023	0.07754646058208749
-1.95	8.000883770402023	0.07475814544002922
-1.945	8.000883770402016	0.07206975292801063
-1.94	8.000883770402023	0.06947772789050269
-1.935	8.000883770402023	0.06697863213416898
-1.93	8.000883770402023	0.0645691598061307
-1.925	8.000883770402023	0.06224611397807712
-1.92	8.000883770402023	0.06000641218806717
-1.915	8.000883770402023	0.05784708072014531
-1.91	8.000883770402023	0.05576525069386587
-1.905	8.000883770402021	0.05375815469804158
-1.9	8.000883770402023	0.051823122808800595
-1.895	8.000883770402023	0.049957580293959136
-1.89	8.000883770402021	0.04815904292416498
-1.885	8.000883770402023	0.04642511460842459
-1.88	8.00088377040202	0.04475348424000365
-1.875	8.000883770402023	0.04314192266273173
-1.87	8.000883770402023	0.04158827992511195
-1.865	8.000883770402021	0.040090482355771354
-1.86	8.000883770402021	0.03864652998117132
-1.855	8.000883770402023	0.037254493819073926
-1.85	8.000883770402044	0.03591251385016161
-1.845	8.000883770402023	0.03461879600375937
-1.84	8.000883770402023	0.03337161000340386
-1.835	8.000883770402021	0.03216928741465825
-1.83	8.000883770402021	0.031010219197538786
-1.825	8.000883770402021	0.029892853678572535
-1.82	8.000883770402023	0.028815694574822876
-1.815	8.000883770402025	0.0277772989809066
-1.81	8.000883770402025	0.02677627548657216
-1.805	8.000883770402023	0.02581128243785769
-1.8	8.000883770402023	0.024881025969028202
-1.795	8.000883770402023	0.023984258670638425
-1.79	8.000883770402021	0.023119777543323825
-1.785	8.000883770402021	0.022286422757268366
-1.78	8.000883770402021	0.021483075805720016
-1.775	8.000883770402023	0.0207086584529304
-1.77	8.000883770402023	0.019962130828419133
-1.765	8.000883770402023	0.019242490462249323
-1.76	8.000883770402023	0.018548770630431432
-1.755	8.000883770402007	0.017880039383952395
-1.75	8.000883770402023	0.017235398088889988
-1.745	8.000883770402023	0.016613980332501697
-1.74	8.000883770402023	0.01601495083462169
-1.735	8.000883770402023	0.015437504178757536
-1.73	8.000883770402023	0.014880863876964622
-1.725	8.000883770402021	0.014344281280325834
-1.72	8.00088377040202	0.013827034605618613
-1.715	8.000883770402021	0.013328427994263956
-1.71	8.00088377040202	0.012847790487146855
-1.705	8.000883770402018	0.012384475445243452
-1.7	8.000883770402016	0.011937859058642511
-1.695	8.000883770402016	0.011507340303099372
-1.69	8.000883770402016	0.011092339535043912
-1.685	8.000883770402012	0.010692297990103685
-1.68	8.000883770402009	0.010306676976558888
-1.675	8.000883770402007	0.00993495716066734
-1.67	8.000883770402003	0.00957663784999511
-1.665	8.000883770402	0.009231236438072193
-1.66	8.000883770401998	0.008898287570803534
-1.655	8.000883770401993	0.008577342680772317
-1.65	8.000883770401991	0.008267969309994898
-1.645	8.000883770401988	0.007969750578245522
-1.64	8.000883770401986	0.007682284568398071
-1.635	8.000883770401982	0.007405183848688075
-1.63	8.000883770401984	0.007138074923222769
-1.625	8.000883770402021	0.006880597733575285
-1.62	8.00088377040202	0.006632405182272108
-1.615	8.000883770402021	0.006393162656472693
-1.61	8.000883770402021	0.006162547597645718
-1.605	8.00088377040202	0.005940249058198718
-1.6	8.00088377040202	0.005725967270428387
-1.595	8.00088377040202	0.0055194132788061664
-1.59	8.00088377040202	0.005320308526172899
-1.585	8.00088377040202	0.005128384483636
-1.58	8.00088377040202	0.004943382304738791
-1.575	8.000883770402018	0.00476505245288977
-1.57	8.000883770402021	0.004593154378771538
-1.565	8.00088377040202	0.00442745620150817
-1.56	8.000883770402021	0.004267734400884131
-1.555	8.000883770402021	0.00411377348148158
-1.55	8.000883770402018	0.003965365772451756
-1.545	8.000883770402021	0.0038223110270699267
-1.54	8.000883770402021	0.0036844162354483017
-1.535	8.000883770398461	0.0035514953401116836
-1.53	8.000883770402021	0.003423368992965612
-1.525	8.00088377040202	0.003299864296802392
-1.52	8.00088377040202	0.0031808146044697157
-1.515	8.00088377040202	0.0030660592750382095
-1.51	8.00088377040202	0.002955443393170915
-1.505	8.000883770402021	0.002848817751333333
-1.5	8.000883770402021	0.0027460383998021204
-1.495	8.000883770402021	0.002646966642993943
-1.49	8.000883770402021	0.002551468766077042
-1.485	8.00088377040202	0.00245941588389941
-1.48	8.00088377040202	0.0023706837399606693
-1.475	8.00088377040202	0.002285152568841531
-1.47	8.000883770398318	0.002202706924834121
-1.465	8.00088377040202	0.002123235524116943
-1.46	8.000883770402021	0.0020466310843364876
-1.455	8.00088377040202	0.001972790204188464
-1.45	8.000883770402021	0.001901613200067541
-1.445	8.000883770402021	0.0018330039883356136
-1.44	8.000883770402043	0.0017668699494614835
-1.435	8.00088377040202	0.0017031218028026184
-1.43	8.00088377040202	0.0016416734880686367
-1.425	8.000883770402021	0.0015824420462963984
-1.42	8.00088377040202	0.0015253475099420157
-1.415	8.00088377040202	0.0014703127976004055
-1.41	8.00088377040202	0.001417263605920605
-1.405	8.00088377040202	0.001366128307158876
-1.4	8.00088377040202	0.0013168378678346056
-1.395	8.000883770402021	0.001269325742470838
-1.39	8.00088377040202	0.0012235277641348373
-1.385	8.00088377040202	0.0011793821053422717
-1.38	8.000883770402018	0.0011368291628394995
-1.375	8.000883770401982	0.0010958114716674355
-1.37	8.000883770401979	0.0010562736532205169
-1.365	8.000883770401982	0.0010181623195821725
-1.36	8.000883770401984	0.0009814260107401714
-1.355	8.000883770401986	0.0009460151216309254
-1.35	8.000883770401988	0.000911881835977256
-1.345	8.000883770401973	0.0008789800621010769
-1.34	8.000883770401993	0.0008472653727642867
-1.335	8.000883770401991	0.0008166949439335935
-1.33	8.000883770467167	0.000787227493054014
-1.325	8.000883770458069	0.0007588232298015573
-1.32	8.000883770401991	0.0007314437967965578
-1.315	8.000883770442675	0.0007050522202148928
-1.31	8.000883770436323	0.0006796128615285439
-1.305	8.000883770430796	0.0006550913687652077
-1.3	8.000883770426023	0.0006314546249253675
-1.295	8.000883770421934	0.0006086707118759534
-1.29	8.00088377041845	0.0005867088607019585
-1.285	8.000883770415506	0.0005655394134277961
-1.28	8.000883770413024	0.0005451337857146894
-1.275	8.000883770410947	0.0005254644126639245
-1.27	8.000883770409214	0.0005065047336375392
-1.265	8.000883770407771	0.0004882291446017625
-1.26	8.000883770406574	0.0004706129642740033
-1.255	8.00088377040558	0.0004536324019285993
-1.25	8.00088377040475	0.00043726452551110293
-1.245	8.000883770404055	0.00042148722744963157
-1.24	8.000883770403464	0.0004062792016941662
-1.235	8.000883770402957	0.00039161990825448416
-1.23	8.000883770402508	0.00037748954883759067
-1.225	8.000883770402096	0.00036386908131500015
-1.22	8.000883770401709	0.00035073998437037404
-1.215	8.000883770401327	0.00033808465214416473
-1.21	8.00088377040093	0.0003258859499478022
-1.205	8.000883770400504	0.0003141274020302679
-1.2	8.000883770400034	0.0003027931277202932
-1.195	8.000883770399493	0.00029186781811373243
-1.19	8.000883770398866	0.00028133671772015466
-1.185	8.000883770398126	0.00027118560271197973
-1.18	8.000883770397246	0.00026140076221786365
-1.175	8.000883770396193	0.0002519689825923546
-1.17	8.000883770394925	0.00024287752073076223
-1.165	8.000883770393397	0.00023411409970346608
-1.16	8.00088377039155	0.0002256668829193489
-1.155	8.000883770389317	0.000217524461063669
-1.15	8.000883770386611	0.00020967583645265084
-1.145	8.000883770383338	0.0002021104083220234
-1.14	8.00088377037937	0.00019481795826009838
-1.135	8.00088377037456	0.00018778863656045787
-1.13	8.000883770368734	0.00018101294907015033
-1.125	8.000883770361666	0.00017448174400854944
-1.12	8.000883770353115	0.00016818619984508034
-1.115	8.000883770342742	0.00016211781375345967
-1.11	8.000883770330171	0.00015626838897940073
-1.105	8.000883770314935	0.0001506300248276545
-1.1	8.000883770296467	0.00014519510631626187
-1.095	8.000883770274081	0.00013995629202594916
-1.09	8.000883770246952	0.00013490650519667105
-1.085	8.000883770214068	0.00013003892732642237
-1.08	8.000883770174212	0.00012534698309868783
-1.075	8.000883770125904	0.00012082433502093448
-1.07	8.00088377006735	0.00011646487471128057
-1.065	8.000883769996381	0.00011226271399371221
-1.06	8.000883769910354	0.00010821217708770388
-1.055	8.0008837698061	0.0001043077932024315
-1.05	8.00088376967973	0.00010054428881887813
-1.045	8.000883769526562	9.691658069426687e-5
-1.04	8.000883769340913	9.341976914078316e-5
-1.035	8.000883769115898	9.004913106484149e-5
-1.03	8.000883768843195	8.680011386075308e-5
-1.025	8.00088376851262	8.366832938408321e-5
-1.02	8.000883768111988	8.064954754434497e-5
-1.015	8.000883767626416	7.773969106967269e-5
-1.01	8.00088376703791	7.493482991222435e-5
-1.005	8.000883766324666	7.223117537288835e-5
-1.0	8.000883765460259	6.962507605160918e-5
-0.995	8.00088376441268	6.711301186038855e-5
-0.99	8.000883763143161	6.469159010810598e-5
-0.985	8.000883761604735	6.235754025995891e-5
-0.98	8.000883759740523	6.010770981869173e-5
-0.975	8.000883757481652	5.793906016222596e-5
-0.97	8.00088375474474	5.584866228798702e-5
-0.965	8.00088375142884	5.38336927295945e-5
-0.96	8.000883747411777	5.1891430387899434e-5
-0.955	8.000883742545733	5.0019251624888274e-5
-0.95	8.00088373665186	4.82146280259997e-5
-0.945	8.000883729513868	4.647512216050335e-5
-0.94	8.000883720870238	4.479838483996464e-5
-0.935	8.000883710404853	4.318215132871169e-5
-0.93	8.000883697735816	4.162423902685599e-5
-0.925	8.000883682401735	4.012254359525144e-5
-0.92	8.000883663845622	3.867503692837447e-5
-0.915	8.00088364139524	3.7279764103776386e-5
-0.91	8.000883614239683	3.5934840682395346e-5
-0.905	8.000883581401233	3.463845024510889e-5
-0.9	8.000883541701683	3.3388842008133396e-5
-0.895	8.000883493722037	3.218432827846825e-5
-0.89	8.00088343575432	3.102328230154931e-5
-0.885	8.000883365744043	2.990413604020094e-5
-0.88	8.000883281221592	2.8825378214423053e-5
-0.875	8.000883179220434	2.778555161444276e-5
-0.87	8.000883071600045	2.6783252052881124e-5
-0.865	8.0008829273709	2.581712589081039e-5
-0.86	8.000882753401427	2.4885868346192134e-5
-0.855	8.000882544176484	2.3988221724904223e-5
-0.85	8.000882292799762	2.312297368250264e-5
-0.845	8.000881990264213	2.2288956710362056e-5
-0.84	8.000881626702276	2.1485042361971443e-5
-0.835	8.000881190047343	2.0710145927199506e-5
-0.83	8.000880665909051	1.996322102049047e-5
-0.825	8.000880037141018	1.9243258909749013e-5
-0.82	8.00087928333175	1.8549287083782072e-5
-0.815	8.000878380205858	1.7880368419996162e-5
-0.81	8.000877298920768	1.723559916345584e-5
-0.805	8.00087600543306	1.6614109089243803e-5
-0.8	8.000874458825182	1.60150585274927e-5
-0.795	8.000872611166095	1.5437638400806897e-5
-0.79	8.00087040557201	1.4881068956001186e-5
-0.785	8.000867774814822	1.4344598246491086e-5
-0.78	8.000864639531983	1.382750183768638e-5
-0.775	8.000860906146112	1.3329081320676388e-5
-0.77	8.000856464451356	1.2848663495157766e-5
-0.765	8.0008511848178	1.2385599450009268e-5
-0.76	8.000844914959114	1.1939263725628782e-5
-0.755	8.00083747620181	1.1509053465810453e-5
-0.75	8.000828659186977	1.1094387527907322e-5
-0.745	8.000818218927307	1.0694705767949431e-5
-0.74	8.000805869133337	1.0309468293023282e-5
-0.735	8.000791270111797	9.938154714466928e-6
-0.73	8.000774042390837	9.58026336239046e-6
-0.725	8.000753736974618	9.235310760376491e-6
-0.72	8.00072981223866	8.902830832583034e-6
-0.715	8.000701664286938	8.582374366157183e-6
-0.71	8.000668585597687	8.273508347858488e-6
-0.705	8.00062975770708	7.975815384483276e-6
-0.7	8.000584235372592	7.688893158840034e-6
-0.695	8.000530928635547	7.41235386812506e-6
-0.69	8.000468582681611	7.145823711314087e-6
-0.685	8.000395755252118	6.8889423567495015e-6
-0.68	8.000310791373103	6.641362474994901e-6
-0.675	8.000211795152362	6.402749245407187e-6
-0.67	8.000096598382765	6.172779944007318e-6
-0.665	7.999962725679109	5.951143444494361e-6
-0.66	7.999807355866762	5.7375398351451665e-6
-0.655	7.999627279333243	5.531679990111525e-6
-0.65	7.999418851049632	5.333285183482958e-6
-0.645	7.999177938967605	5.142086714295981e-6
-0.64	7.998899867500318	4.9578255216969615e-6
-0.635	7.998579355802843	4.780251841275701e-6
-0.63	7.998210450579502	4.609124870611556e-6
-0.625	7.997786453163661	4.444212413122586e-6
-0.62	7.997299840639513	4.285290599476516e-6
-0.615	7.99674218080779	4.132143535842146e-6
-0.61	7.996104040833218	3.984563034028038e-6
-0.605	7.995374889466721	3.842348316105565e-6
-0.6	7.994542992777604	3.705305741107837e-6
-0.595	7.993595303422324	3.5732485459471562e-6
-0.59	7.9925173435196255	3.445996577413278e-6
-0.585	7.991293081319215	3.323376037674298e-6
-0.58	7.989904801931362	3.2052192726935873e-6
-0.575	7.9883329724991725	3.091364510134682e-6
-0.57	7.986556102313737	2.981655657034724e-6
-0.565	7.984550598501974	2.8759420827854175e-6
-0.56	7.982290618057089	2.774078407023743e-6
-0.555	7.979747917130204	2.675924314681329e-6
-0.55	7.976891698658973	2.5813443408947176e-6
-0.545	7.973688459572947	2.4902077233663198e-6
-0.54	7.9701018389847285	2.4023881972171512e-6
-0.535	7.966092468948499	2.3177638356801216e-6
-0.53	7.9616178295410815	2.2362168933617064e-6
-0.525	7.956632110192922	2.1576336503657105e-6
-0.52	7.951086079364168	2.081904256566707e-6
-0.515	7.944926964821236	2.008922595588947e-6
-0.51	7.938098346918727	1.9385861512999926e-6
-0.505	7.930540067426276	1.870795874423569e-6
-0.5	7.922188156556305	1.8054560639258058e-6
-0.495	7.912974780942667	1.7424742469508487e-6
-0.49	7.902828215387612	1.6817610697986761e-6
-0.485	7.891672841231635	1.62323019524069e-6
-0.48	7.879429174203276	1.5667981946699637e-6
-0.475	7.866013924570121	1.5123844615428126e-6
-0.47	7.851340092334777	1.4599111255206286e-6
-0.465	7.83531710009668	1.4093029602892899e-6
-0.46	7.8178509660302185	1.3604873078669397e-6
-0.455	7.79884451920875	1.313394004421393e-6
-0.45	7.778197659232006	1.2679553120832376e-6
-0.445	7.755807661789358	1.224105854517951e-6
-0.44	7.731569531414209	1.181782552001462e-6
-0.435	7.705376402255974	1.1409245650379507e-6
-0.43	7.6771199872174165	1.1014732463251163e-6
-0.425	7.646691075280144	1.063372069806075e-6
-0.42	7.6139800762727665	1.0265666261947287e-6
-0.415	7.578877611731004	9.910045227665684e-7
-0.41	7.541275149861668	9.566353787994507e-7
-0.405	7.501065681961552	9.234107739422004e-7
-0.4	7.458144436964741	8.912842062138823e-7
-0.395	7.412409630107936	8.602110571530131e-7
-0.39	7.363763241022744	8.301485657249916e-7
-0.385	7.3121118158961025	8.010557676915271e-7
-0.38	7.25736728769858	7.728934845853812e-7
-0.375	7.1994478078740975	7.456242857522972e-7
-0.37	7.138278582327365	7.192124411159033e-7
-0.365	7.073792704047488	6.936238974830861e-7
-0.36	7.005931974279645	6.688262353016681e-7
-0.355	6.934647703812055	6.447886401861827e-7
-0.35	6.859901485692719	6.214818615280297e-7
-0.345	6.781665930538718	5.988781736712067e-7
-0.34	6.699925355557921	5.769513354923008e-7
-0.335	6.614676418475176	5.556765499772019e-7
-0.33	6.525928687747134	5.350304234360187e-7
-0.325	6.433705140764639	5.149909163681752e-7
-0.32	6.338042582179945	4.955373001556552e-7
-0.315	6.238991975056897	4.7665010812585924e-7
-0.31	6.1366186782220264	4.583110842808923e-7
-0.305	6.031002583987993	4.4050313476753e-7
-0.3	5.92223815132006	4.2321027077851435e-7
-0.295	5.810434330511709	4.064175576759524e-7
-0.29	5.695714376515069	3.9011105526988884e-7
-0.285	5.57821554922217	3.7427776502745803e-7
-0.28	5.458088700198569	3.5890556784473864e-7
-0.275	5.335497746615194	3.439831683518062e-7
-0.27	5.210619034389361	3.2950003320890426e-7
-0.265	5.083640593813146	3.154463335467624e-7
-0.26	4.954761292197722	3.0181288339158037e-7
-0.255	4.824189889276417	2.8859108280971715e-7
-0.25	4.692144002268244	2.757728532757331e-7
-0.245	4.558848988589055	2.633505909866048e-7
-0.24	4.424536755191655	2.5131710061902197e-7
-0.235	4.289444504403467	2.39665536255233e-7
-0.23	4.153813426895549	2.2838936801376016e-7
-0.225	4.017887353047966	2.1748230503560358e-7
-0.22	3.8819113744629843	2.0693825937986538e-7
-0.215	3.7461304477114417	1.9675129921696602e-7
-0.21	3.6107879925737345	1.8691560259916997e-7
-0.205	3.4761244970523184	1.7742541501994277e-7
-0.2	3.342376141287758	1.6827501057843864e-7
-0.195	3.2097734522080192	1.5945865183742744e-7
-0.19	3.0785400002865586	1.5097056716440727e-7
-0.185	2.9488911491870815	1.4280491172990196e-7
-0.18	2.821032868342387	1.3495575569666805e-7
-0.175	2.6951606176643748	1.274170353429626e-7
-0.17	2.571458312627183	1.2018255949356949e-7
-0.165	2.45009737692195	1.1324598007388281e-7
-0.16	2.331235888768149	1.066007809277307e-7
-0.155	2.2150178258015285	1.0024026770778452e-7
-0.15	2.101572412262291	9.41575598784475e-8
-0.145	1.9910135709988954	8.834558601543278e-8
-0.14	1.8834394816026452	8.279708124853207e-8
-0.135	1.7789322448151532	7.750458724083153e-8
-0.13	1.6775576522231177	7.246045412826517e-8
-0.125	1.5793650591898254	6.765684435452338e-8
-0.12	1.484387357985805	6.30857385369919e-8
-0.115	1.3926410471859447	5.8738941402559924e-8
-0.11	1.3041263926089208	5.4608093779835674e-8
-0.105	1.218827674396266	5.0684676372914497e-8
-0.1	1.136713514270191	4.6960023421013196e-8
-0.095	1.0577372765759097	4.342533258715691e-8
-0.09	0.9818375364079052	4.007167564133983e-8
-0.085	0.9089386079401273	3.689000968290902e-8
-0.08	0.8389511260244776	3.3871188310207625e-8
-0.075	0.7717726741858201	3.1005972384977736e-8
-0.07	0.7072884523168579	2.8285040544796548e-8
-0.065	0.6453719776544287	2.5698999367922158e-8
-0.06	0.5858858129884434	2.323839270260109e-8
-0.055	0.5286823165036191	2.089371086480883e-8
-0.05	0.47360440816861776	1.8655398227214532e-8
-0.045	0.4204863481524953	1.6513860889770732e-8
-0.04	0.36915452334922727	1.4459473084015832e-8
-0.035	0.3194282387118504	1.248258293501805e-8
-0.03	0.2711205107228223	1.057351738477506e-8
-0.025	0.2240388609411414	8.722586385580472e-9
-0.02	0.17798610815483	6.920086401832666e-9
-0.015	0.13276115821561052	5.1563032775844814e-9
-0.01	0.08815979112820505	3.4215145518667245e-9
-0.005	0.043975445398202355	1.7059913788948724e-9
0.0	0.0	0.0
0.005	0.04397544539820238	1.7061969349579057e-9
0.01	0.08815979112820505	3.4223391959288608e-9
0.015	0.13276115821561052	5.1581678057284965e-9
0.02	0.17798610815483001	6.923423747411546e-9
0.025	0.22403886094114142	8.727846448187682e-9
0.03	0.2711205107228223	1.0581171907393957e-8
0.035	0.31942823871185044	1.249313039248835e-8
0.04	0.36915452334922727	1.447344356444203e-8
0.045	0.4204863480372599	1.6531821007793462e-8
0.05	0.47360440816861765	1.8677956022858567e-8
0.055	0.5286823165036191	2.0921520785453453e-8
0.06	0.5858858129884434	2.3272160486889255e-8
0.065	0.6453719776544287	2.5739486905672326e-8
0.07	0.7072884523168579	2.8333071092793825e-8
0.075	0.7717726741858202	3.106243528587335e-8
0.08	0.8389511260244777	3.3937044003725074e-8
0.085	0.9089386079401272	3.69662946023966e-8
0.09	0.981837536407905	4.015950711894654e-8
0.095	1.0577372765759012	4.35259137747369e-8
0.1	1.1367135142701836	4.707464796667466e-8
0.105	1.2188276743962596	5.0814733278960606e-8
0.11	1.304126392608916	5.475507217204252e-8
0.115	1.3926410471859418	5.890443491504044e-8
0.12	1.4843873579858033	6.327144904693904e-8
0.125	1.5793650591898254	6.786458914714685e-8
0.13	1.6775576522231164	7.269216751412417e-8
0.135	1.778932244815152	7.776232546432587e-8
0.14	1.883439481602645	8.308302660959448e-8
0.145	1.9910135709988945	8.866205073317013e-8
0.15	2.1015724122622905	9.450698981873202e-8
0.155	2.215017825801528	1.0062524595749625e-7
0.16	2.3312358887681492	1.0702403110067901e-7
0.165	2.4500973769219505	1.1371036943561079e-7
0.17	2.571458312627184	1.206911020738947e-7
0.175	2.6951606176643765	1.2797289462771922e-7
0.18	2.821032868342389	1.3556224737437332e-7
0.185	2.948891149187084	1.4346550850237168e-7
0.19	3.0785400002865604	1.5168889075820243e-7
0.195	3.2097734522080215	1.6023849033730235e-7
0.2	3.342376141287767	1.6912030883247197e-7
0.205	3.4761244970523273	1.7834028484415403e-7
0.21	3.6107879925737434	1.8790431422815067e-7
0.215	3.7461304477114514	1.9781828978072892e-7
0.22	3.8819113744629936	2.080881331373773e-7
0.225	4.017887353047976	2.1871983569099595e-7
0.23	4.153813426895558	2.2971949832820372e-7
0.235	4.289444504403477	2.41093378285137e-7
0.24	4.424536755191665	2.5284793348098693e-7
0.245	4.558848988589064	2.6498987441525114e-7
0.25	4.692144002268254	2.77526216728467e-7
0.255	4.824189889276424	2.904643274540062e-7
0.26	4.954761292197732	3.038119918346466e-7
0.265	5.083640593813156	3.1757746318530246e-7
0.27	5.21061903438937	3.3176952233556976e-7
0.275	5.335497746615201	3.46397535861416e-7
0.28	5.4580887001985765	3.6147151694027874e-7
0.285	5.578215549222178	3.77002186172192e-7
0.29	5.695714376515077	3.930010275559971e-7
0.295	5.810434330511716	4.0948035255738044e-7
0.3	5.922238151320078	4.264533573729208e-7
0.305	6.031002583988007	4.4393418106417773e-7
0.31	6.136618678222039	4.61937964315303e-7
0.315	6.238991975056907	4.8048090543709e-7
0.32	6.33804258217995	4.995803153433879e-7
0.325	6.433705140764643	5.192546701279039e-7
0.33	6.525928687747137	5.395236693176427e-7
0.335	6.614676418475176	5.604082772031414e-7
0.34	6.699925355557921	5.819307772182058e-7
0.345	6.781665930538716	6.041148185176775e-7
0.35	6.859901485692715	6.269854568111533e-7
0.355	6.934647703812049	6.505692133433668e-7
0.36	7.005931974279637	6.748940988959358e-7
0.365	7.073792704047479	6.999896564187472e-7
0.37	7.138278582327354	7.258870177231115e-7
0.375	7.199447807874085	7.526189194087535e-7
0.38	7.257367287698567	7.802197543427059e-7
0.385	7.312111815896089	8.087256021159433e-7
0.39	7.363763241022727	8.381742680862722e-7
0.395	7.412409630107918	8.686053147183734e-7
0.4	7.458144436964721	9.000601033276667e-7
0.405	7.501065681961549	9.32581823683768e-7
0.41	7.5412751498616615	9.662155302215075e-7
0.415	7.578877611730993	1.0010081882818871e-6
0.42	7.613980076272755	1.0370086996657485e-6
0.425	7.646691075280124	1.0742679525632685e-6
0.43	7.6771199872173925	1.112838859136856e-6
0.435	7.7053764022559434	1.1527763828971962e-6
0.44	7.731569531414179	1.1941376220141014e-6
0.445	7.755807661789323	1.2369818263342514e-6
0.45	7.778197659231966	1.2813704647926214e-6
0.455	7.79884451920871	1.3273672690052583e-6
0.46	7.81785096603018	1.3750382990203136e-6
0.465	7.835317100096647	1.4244520053282523e-6
0.47	7.851340092334748	1.475679297933895e-6
0.475	7.866013924570124	1.5287935964816466e-6
0.48	7.879429174203278	1.58387094105806e-6
0.485	7.891672841261307	1.640990045293041e-6
0.49	7.902828215414409	1.7002323879706622e-6
0.495	7.912974780966787	1.7616823058797548e-6
0.5	7.92218815657794	1.8254270849780686e-6
0.505	7.930540067426285	1.8915570243637854e-6
0.51	7.938098346918741	1.960165700926602e-6
0.515	7.944926964821253	2.031349841479063e-6
0.52	7.9510860793641855	2.1052096032018005e-6
0.525	7.956632110192944	2.1818486583638508e-6
0.53	7.961617829541106	2.261374315018424e-6
0.535	7.966092468948529	2.3438976701860363e-6
0.54	7.9701018389847595	2.4295337313683597e-6
0.545	7.973688459572979	2.5184015903107666e-6
0.55	7.976891698659005	2.6106247772284118e-6
0.555	7.979747917130241	2.706330586219992e-6
0.56	7.982290618057124	2.8056514918832893e-6
0.565	7.984550598502005	2.908724502800354e-6
0.57	7.986556102313765	3.0156915603752636e-6
0.575	7.98833297249919	3.1266997201287095e-6
0.58	7.989904801933752	3.2419010599459193e-6
0.585	7.991293081321237	3.361454056769851e-6
0.59	7.992517343521333	3.4855220706188013e-6
0.595	7.9935953034237555	3.6142747092141133e-6
0.6	7.994542992778812	3.7478877785529872e-6
0.605	7.995374889468765	3.886543516234357e-6
0.61	7.996104040835741	4.030430898157199e-6
0.615	7.996742180809934	4.179745779948597e-6
0.62	7.997299840641445	4.334691278597858e-6
0.625	7.997786453165192	4.495478013374085e-6
0.63	7.998210450580791	4.662324388053707e-6
0.635	7.998579355803923	4.8354568738294505e-6
0.64	7.998899867501219	5.015110365174364e-6
0.645	7.999177938968356	5.20152847361986e-6
0.65	7.99941885105026	5.394963874282196e-6
0.655	7.999627279333757	5.595678636862578e-6
0.66	7.999807355867188	5.803944589564142e-6
0.665	7.999962725911484	6.0200437072012984e-6
0.67	8.000096598383049	6.2442684668932e-6
0.675	8.000211795152595	6.47692227942105e-6
0.68	8.000310791373291	6.718319873097846e-6
0.685	8.00039575525227	6.9687877408138895e-6
0.69	8.000468582681734	7.2286645970296895e-6
0.695	8.000530928635646	7.498301874707064e-6
0.7	8.000584235372672	7.778063965947464e-6
0.705	8.00062975771144	8.068329072228032e-6
0.71	8.000668585598186	8.36948947748596e-6
0.715	8.000701664285048	8.681952229810775e-6
0.72	8.000729812234676	9.006139552139e-6
0.725	8.000753693377636	9.342489475878864e-6
0.73	8.00077401475195	9.691456432740337e-6
0.735	8.000791248332845	1.005351192822391e-5
0.74	8.000805847508067	1.042914508772235e-5
0.745	8.000818201886073	1.0818863365109723e-5
0.75	8.000828645788326	1.1223193234883004e-5
0.755	8.00083746569084	1.1642680877275386e-5
0.76	8.000844906732006	1.2077892954387056e-5
0.765	8.000851178461797	1.252941733777054e-5
0.77	8.00085645944493	1.2997863942386484e-5
0.775	8.000860902253818	1.3483865516489438e-5
0.78	8.000864636512656	1.3988078515423578e-5
0.785	8.000867772477916	1.4511184005447815e-5
0.79	8.000870403767328	1.5053888527614714e-5
0.795	8.000872609775536	1.5616925117331114e-5
0.8	8.000874457756105	1.620105426955134e-5
0.805	8.000876004612241	1.6807064949438765e-5
0.81	8.000877298438837	1.743577570120693e-5
0.815	8.000878379837614	1.8088035709263322e-5
0.82	8.000879283050864	1.8764725940060098e-5
0.825	8.000880036927144	1.9466760395215512e-5
0.83	8.000880665746482	2.019508730420931e-5
0.835	8.000881189923986	2.0950690344276472e-5
0.84	8.000881626608829	2.1734590152543942e-5
0.845	8.000881990193543	2.2547845479492023e-5
0.85	8.00088229274641	2.3391554752160828e-5
0.855	8.000882544378122	2.4266857583166957e-5
0.86	8.000882753552304	2.5174936201249503e-5
0.865	8.000882927348169	2.611701709809091e-5
0.87	8.00088307168237	2.7094372710578e-5
0.875	8.000883191496284	2.810832312077294e-5
0.88	8.000883290913796	2.91602378398128e-5
0.885	8.000883373374208	3.0251537623206545e-5
0.89	8.000883441743978	3.138369646050624e-5
0.895	8.00088349841063	3.2558243374088165e-5
0.9	8.000883545361592	3.377676494409905e-5
0.905	8.00088358425027	3.504090709654995e-5
0.91	8.00088361645145	3.6352376937022475e-5
0.915	8.000883643107638	3.771294593840596e-5
0.92	8.000883665167844	3.912445171967123e-5
0.925	8.000883683419977	4.05888007273695e-5
0.93	8.000883698517896	4.210797056400275e-5
0.935	8.000883711003993	4.3684013335750524e-5
0.94	8.000883721328016	4.531905753536678e-5
0.945	8.000883729862744	4.7015311458658394e-5
0.95	8.000883736917062	4.877506625996051e-5
0.955	8.000883742746815	5.060069837706869e-5
0.96	8.000883747563856	5.249467361987685e-5
0.965	8.000883751543572	5.445954995964945e-5
0.97	8.00088375483108	5.649798108541964e-5
0.975	8.000883757546463	5.861271979556875e-5
0.98	8.000883759789053	6.0806622568656255e-5
0.985	8.000883761640983	6.30826522357095e-5
0.99	8.00088376317017	6.544388255511402e-5
0.995	8.000883764432759	6.789350254520183e-5
1.0	8.000883765475146	7.043482023243815e-5
1.005	8.000883766335678	7.307126754015795e-5
1.01	8.000883767046037	7.580640545479348e-5
1.015	8.000883767632399	7.864392722477129e-5
1.02	8.000883768116383	8.158766481336429e-5
1.025	8.000883768515843	8.464159355629766e-5
1.03	8.00088376884553	8.780983766893038e-5
1.035	8.000883769117621	9.109667535463453e-5
1.04	8.000883769342169	9.450654526698341e-5
1.045	8.000883769527476	9.804405180533572e-5
1.05	8.000883769680401	0.00010171397190496816
1.055	8.000883769806594	0.0001055212613658543
1.06	8.000883769910729	0.00010947106073314076
1.065	8.000883769996662	0.00011356870362377209
1.07	8.000883770067576	0.000117819722731766
1.075	8.000883770126093	0.0001222298583972822
1.08	8.000883770174385	0.00012680506510865476
1.085	8.00088377021424	0.0001315515206955105
1.09	8.00088377024714	0.00013647563293456378
1.095	8.000883770274301	0.00014158405077559872
1.1	8.000883770296731	0.00014688367121497384
1.105	8.000883770315266	0.00015238166603803296
1.11	8.000883770330589	0.00015808564344558777
1.115	8.000883770343277	0.00016400266498162633
1.12	8.000883770353797	0.00017014137460539568
1.125	8.000883770362542	0.0001765098414351747
1.13	8.00088377036984	0.00018311664634688808
1.135	8.00088377037597	0.00018997074188199846
1.14	8.000883770381156	0.00019708136410942847
1.145	8.000883770385592	0.00020445811218722273
1.15	8.000883770389452	0.00021211093949898525
1.155	8.000883770392875	0.00022005018564678566
1.16	8.000883770395994	0.00022828656332578794
1.165	8.000883770398922	0.00023683119067935654
1.17	8.000883770401765	0.00024569560141362115
1.175	8.000883770404629	0.00025489176065149577
1.18	8.000883770407606	0.0002644320811171027
1.185	8.000883770410793	0.00027432944097919226
1.19	8.000883770414276	0.0002845971979917356
1.195	8.000883770418158	0.0002952492111034121
1.2	8.000883770422526	0.0003062998571402935
1.205	8.000883770427473	0.0003177640510903062
1.21	8.00088377043308	0.0003296572645202396
1.215	8.000883770439442	0.00034199554879450815
1.22	8.000883770446622	0.00035479555523841724
1.225	8.00088377045468	0.0003680745578995046
1.23	8.000883770463645	0.00038185047666190606
1.235	8.00088377040142	0.0003961419012907534
1.24	8.000883770401519	0.00041096811740334914
1.245	8.0008837704016	0.0004263491303468562
1.25	8.000883770401668	0.00044230566892173337
1.255	8.000883770401721	0.0004588593132409562
1.26	8.000883770401765	0.0004760323745468586
1.265	8.000883770401801	0.0004938480230015498
1.27	8.000883770401831	0.0005123302948740595
1.275	8.000883770401858	0.0005315041243217814
1.28	8.000883770401881	0.0005513953769154965
1.285	8.000883770401934	0.0005720308884373147
1.29	8.000883770401952	0.0005934384919886204
1.295	8.000883770401964	0.0006156470682902915
1.3	8.000883770401973	0.0006386865679430314
1.305	8.000883770401984	0.0006625880713330025
1.31	8.00088377040199	0.0006873838116983768
1.315	8.000883770401996	0.0007131072277854759
1.32	8.000883770402	0.000739793016720372
1.325	8.000883770402003	0.0007674771533877344
1.33	8.000883770402005	0.0007961969716580538
1.335	8.000883770402009	0.0008259911957165242
1.34	8.000883770402012	0.0008568999959878522
1.345	8.000883770402014	0.0008889650425111429
1.35	8.000883770402014	0.0009222295605063065
1.355	8.000883770402016	0.0009567383911685914
1.36	8.000883770402016	0.0009925380473782513
1.365	8.000883770402018	0.0010296767811013385
1.37	8.000883770402014	0.0010682046407157332
1.375	8.00088377040202	0.0011081735473879657
1.38	8.000883770402023	0.0011496373570672686
1.385	8.00088377040202	0.0011926519361060036
1.39	8.00088377040202	0.0012372752310098377
1.395	8.00088377040202	0.0012835673610340158
1.4	8.000883770402023	0.001331590674978434
1.405	8.000883770402021	0.0013814098539776303
1.41	8.000883770402021	0.001433091987074884
1.415	8.000883770402021	0.0014867066678417426
1.42	8.000883770402023	0.0015423260810675044
1.425	8.000883770402021	0.0016000251010600255
1.43	8.00088377040202	0.0016598814092245895
1.435	8.000883770402021	0.0017219755407645925
1.44	8.000883770402023	0.001786391066218577
1.445	8.000883770402023	0.0018532146588849212
1.45	8.000883770402021	0.0019225362134651877
1.455	8.000883770402021	0.0019944489821796564
1.46	8.000883770402021	0.002069049676588809
1.465	8.000883770402021	0.002146438607345571
1.47	8.00088377040202	0.002226719833224143
1.475	8.000883770402023	0.0023100013860897443
1.48	8.000883770402021	0.0023963949272996507
1.485	8.000883770402021	0.002486016685319936
1.49	8.00088377040202	0.002578986971199645
1.495	8.00088377040202	0.0026754308587446287
1.5	8.000883770402021	0.002775477755053145
1.505	8.00088377040202	0.002879261981508469
1.51	8.00088377040202	0.0029869228470979776
1.515	8.000883770402021	0.0030986048310568965
1.52	8.000883770402021	0.0032144577632279877
1.525	8.00088377040202	0.003334637040902268
1.53	8.000883770401982	0.0034593038230239298
1.535	8.000883770401982	0.003588625221129811
1.54	8.000883770401982	0.003722774565862336
1.545	8.000883770401986	0.003861931635850801
1.55	8.00088377040199	0.00400628270374656
1.555	8.000883770401991	0.0041560211042658
1.56	8.000883770401996	0.004311347156941718
1.565	8.000883770401998	0.004472468913725313
1.57	8.000883770402003	0.0046396017590106045
1.575	8.000883770402007	0.004812969185867102
1.58	8.000883770402009	0.004992802912185429
1.585	8.00088377040201	0.00517934323054986
1.59	8.000883770402012	0.005372839235809389
1.595	8.000883770402016	0.005573549251616704
1.6	8.000883770402016	0.005781741102402674
1.605	8.000883770402016	0.005997692471274553
1.61	8.000883770402018	0.006221691247365318
1.615	8.000883770402018	0.006454035759702815
1.62	8.00088377040202	0.006695035898488347
1.625	8.000883770402021	0.006945012032917174
1.63	8.000883770402021	0.007204301214425667
1.635	8.000883770402021	0.007473235117920622
1.64	8.000883770402021	0.007752184296067022
1.645	8.000883770402021	0.008041514802801344
1.65	8.000883770402021	0.008341610673065344
1.655	8.000883770402021	0.008652869957421446
1.66	8.000883770402021	0.008975705225534078
1.665	8.000883770402021	0.009310544133844863
1.67	8.000883770402021	0.009657829880795606
1.675	8.000883770402021	0.010018021582479749
1.68	8.00088377040202	0.010391595764646067
1.685	8.000883770402021	0.01077904553146656
1.69	8.00088377040202	0.011180882346280879
1.695	8.00088377040202	0.011597635560410812
1.7	8.000883770402021	0.01202985432307865
1.705	8.000883770402021	0.01247810663899682
1.71	8.000883770402023	0.01294298340189353
1.715	8.000883770402021	0.013425094456670802
1.72	8.000883770402021	0.013925072400148846
1.725	8.000883770402021	0.014443572543085259
1.73	8.000883770402021	0.014981273775346518
1.735	8.000883770402023	0.015538879336199235
1.74	8.000883770402023	0.01611711755057364
1.745	8.000883770402023	0.016716742819043978
1.75	8.000883770402023	0.017338536520040398
1.755	8.000883770402021	0.017983307816030577
1.76	8.000883770402023	0.01865189460368749
1.765	8.000883770402023	0.019345164548724002
1.77	8.000883770402023	0.020064016086148214
1.775	8.000883770402023	0.020809379322600866
1.78	8.000883770402016	0.02158221722335706
1.785	8.000883770402023	0.022383526612031756
1.79	8.000883770402021	0.02321433932891374
1.795	8.000883770402023	0.024075723404503747
1.8	8.000883770402023	0.024968784117219447
1.805	8.000883770402023	0.025894665324750203
1.81	8.000883770402025	0.02685455063536144
1.815	8.000883770402023	0.0278496647734592
1.82	8.000883770402023	0.028881275257008867
1.825	8.000883770402023	0.029950691740732345
1.83	8.000883770402023	0.031059270483447848
1.835	8.000883770402023	0.03220841380717025
1.84	8.000883770402023	0.0333995718133071
1.845	8.000883770402025	0.034634244006417736
1.85	8.000883770402025	0.03591398299432067
1.855	8.000883770402021	0.03724038719665808
1.86	8.000883770402021	0.038615140228144516
1.865	8.000883770402023	0.04003988112157026
1.87	8.000883770402023	0.041516453015081445
1.875	8.000883770402023	0.04304666006948627
1.88	8.000883770402023	0.04463239160983174
1.885	8.000883770402023	0.04627559929692306
1.89	8.000883770402025	0.0479782989554918
1.895	8.000883770402023	0.04974257227923866
1.9	8.000883770402021	0.051570568881895325
1.905	8.000883770402021	0.05346450793959536
1.91	8.000883770402023	0.05542668014751611
1.915	8.000883770402023	0.05745944961453819
1.92	8.000883770402021	0.05956525592708434
1.925	8.000883770402023	0.061746616093818006
1.93	8.000883770402025	0.06400612594569279
1.935	8.000883770402023	0.06634646199634239
1.94	8.000883770402021	0.06877038872879573
1.945	8.000883770402021	0.07128074850484567
1.95	8.00088377040202	0.07388047628125388
1.955	8.000883770402023	0.07657259519640841
1.96	8.000883770402025	0.07936021971992449
1.965	8.000883770402023	0.0822465581828343
1.97	8.000883770402021	0.08523491431266043
1.975	8.000883770402021	0.08832868978010162
1.98	8.000883770402023	0.09153138640885687
1.985	8.000883770402023	0.09484660670656024
1.99	8.000883770402021	0.09827805808184974
1.995	8.000883770402021	0.10182955341779104
2.0	8.000883770402023	0.10550501344568206
2.005	8.000883770402021	0.1093084691640729
2.01	8.000883770402021	0.11324406273768702
2.015	8.000883770402018	0.11731605028794533
2.02	8.00088377040202	0.12152880321575352
2.025	8.000883770402016	0.12588681041601427
2.03	8.000883770402016	0.13039467982782138
2.035	8.000883770402016	0.13505713962679383
2.04	8.000883770402014	0.13987904097837803
2.045	8.00088377040201	0.14486535823448868
2.05	8.000883770402009	0.1500211915417176
2.055	8.000883770402005	0.15535176748764304
2.06	8.000883770402002	0.160862441695509
2.065	8.000883770401998	0.16655869574893084
2.07	8.000883770401995	0.17244614467048974
2.075	8.000883770401991	0.17853053346202033
2.08	8.00088377040199	0.18481773922490147
2.085	8.000883770401986	0.1913137718339627
2.09	8.00088377040198	0.19802477407532673
2.095	8.000883770401984	0.20495702275883246
2.1	8.00088377040202	0.21211692875637717
2.105	8.00088377040202	0.2195110363451664
2.11	8.000883770402023	0.22714602511866253
2.115	8.000883770402021	0.23502870818403931
2.12	8.00088377040202	0.24316603148510807
2.125	8.00088377040202	0.2515650750105382
2.13	8.000883770402021	0.2602330503527303
2.135	8.00088377040202	0.2691773016245868
2.14	8.000883770402021	0.2784053005866925
2.145	8.000883770402021	0.28792465188057714
2.15	8.00088377040202	0.29774308517521453
2.155	8.00088377040202	0.3078684571023964
2.16	8.000883770402021	0.3183087478042616
2.165	8.000883770402021	0.3290720607294859
2.17	8.00088377040202	0.3401666179850867
2.175	8.000883770402021	0.3516007588253228
2.18	8.000883770402021	0.36338293898411755
2.185	8.00088377040202	0.3755217251882312
2.19	8.000883770402012	0.38802579285961375
2.195	8.00088377040202	0.40090392390343466
2.2	8.000883770402021	0.41416500252118316
2.205	8.000883770402021	0.427818011923776
2.21	8.000883770402021	0.4418720305581727
2.215	8.000883770402021	0.4563362284075486
2.22	8.000883770402021	0.4712198644746785
2.225	8.000883770402021	0.4865322804426613
2.23	8.00088377040202	0.5022828981715122
2.235	8.000883770402021	0.5184812137912492
2.24	8.000883770402021	0.535136796137391
2.245	8.000883770402021	0.5522592802596645
2.25	8.000883770402021	0.5698583636546112
2.255	8.000883770398657	0.5879438036784372
2.26	8.000883770402021	0.6065254100637084
2.265	8.000883770402023	0.6256130425500147
2.27	8.00088377040202	0.6452166065753212
2.275	8.000883770402023	0.6653460498442462
2.28	8.000883770402021	0.686011356304279
2.285	8.000883770402021	0.7072225446198162
2.29	8.000883770402023	0.7289896629439737
2.295	8.000883770402021	0.7513227866204139
2.3	8.000883770402021	0.7742320141089494
2.305	8.000883770402023	0.797727463885563
2.31	8.000883770402025	0.8218192735380123
2.315	8.000883770402021	0.8465175946748941
2.32	8.000883770402021	0.8718325924994998
2.325	8.000883770402021	0.8977744465130255
2.33	8.000883770402021	0.9243533431951009
2.335	8.000883770402021	0.9515794811790015
2.34	8.000883770402021	0.9794630704542325
2.345	8.000883770402021	1.0080143240041815
2.35	8.000883770401986	1.0372434703127167
2.355	8.000883770401984	1.067160748754084
2.36	8.000883770401984	1.0977764110117103
2.365	8.000883770401988	1.1291007252010412
2.37	8.00088377040199	1.1611439740099403
2.375	8.000883770401995	1.193916463892859
2.38	8.000883770401998	1.2274285242152743
2.385	8.000883770402002	1.261690515552324
2.39	8.000883770402005	1.2967128317752832
2.395	8.000883770470663	1.3325059082180188
2.4	8.000883770461236	1.3690802215389422
2.405	8.000883770452743	1.4064463059517744
2.41	8.000883770445187	1.4446147518181405
2.415	8.00088377043853	1.483596216994123
2.42	8.00088377043272	1.5234014366269666
2.425	8.000883770427695	1.5640412207525802
2.43	8.000883770423378	1.6055264803769917
2.435	8.0008837704197	1.6478682270414884
2.44	8.000883770416584	1.6910775738186086
2.445	8.000883770413962	1.7351657642363363
2.45	8.000883770411766	1.7801441659196784
2.455	8.00088377040994	1.8260242842957857
2.46	8.000883770408429	1.8728177800924317
2.465	8.000883770407187	1.9205364682028105
2.47	8.000883770406165	1.9691923425007756
2.475	8.000883770405338	2.0187975621821352
2.48	8.000883770404663	2.0693644869008003
2.485	8.000883770404117	2.1209056630528664
2.49	8.000883770403679	2.1734338520020877
2.495	8.000883770403327	2.2269620281478595
2.5	8.000883770403044	2.281503388528446
2.505	8.000883770402822	2.337071358503224
2.51	8.000883770402647	2.3936795968224818
2.515	8.000883770402508	2.4513420080278077
2.52	8.000883770402396	2.5100727428274094
2.525	8.00088377040231	2.5698861925884704
2.53	8.000883770402245	2.630797008998378
2.535	8.000883770402192	2.6928200951125976
2.54	8.000883770402153	2.755970608569077
2.545	8.00088377040212	2.82026394873405
2.55	8.000883770402096	2.8857157736766665
2.555	8.000883770402078	2.9523419849584336
2.56	8.000883770402064	3.0201587105694543
2.565	8.000883770402053	3.0891823421493263
2.57	8.00088377040207	3.1594294636174096
2.575	8.000883770402039	3.230916870077538
2.58	8.000883770402034	3.303661570679007
2.585	8.00088377040203	3.377680761210961
2.59	8.000883770402028	3.452991789026083
2.595	8.000883770402027	3.529612170041287
2.6	8.000883770402021	3.607559535319312
2.605	8.000883770402025	3.6868516304320758
2.61	8.000883770402023	3.7675062917794206
2.615	8.000883770402023	3.8495414114937763
2.62	8.000883770402023	3.932974918764412
2.625	8.000883770402021	4.017824741168719
2.63	8.000883770402021	4.10410878089439
2.635	8.000883770402023	4.191844884344162
2.64	8.000883770402025	4.28105079707195
2.645	8.000883770402023	4.371744138519227
2.65	8.000883770402025	4.463942362929355
2.655	8.000883770402028	4.5576627110583345
2.66	8.000883770402032	4.652922189618267
2.665	8.000883770402037	4.749737506695208
2.67	8.000883770402044	4.848125045331849
2.675	8.000883770402055	4.9481008069984505
2.68	8.000883770402071	5.049680378762423
2.685	8.000883770402092	5.152878878661547
2.69	8.000883770402124	5.257710916912755
2.695	8.000883770402169	5.364190538134674
2.7	8.000883770402229	5.4723311836200015
2.705	8.000883770402314	5.582145642650365
2.71	8.000883770402433	5.6936459938988815
2.715	8.000883770402599	5.806843570063026
2.72	8.00088377040283	5.921748933972861
2.725	8.000883770403147	6.038371700742905
2.73	8.000883770403586	6.156720688336253
2.735	8.000883770404185	6.276803738411313
2.74	8.000883770405007	6.398627710020649
2.745	8.000883770406125	6.522198423518244
2.75	8.000883770407645	6.647520637071169
2.755	8.000883770409704	6.774597940275089
2.76	8.000883770412486	6.903432774008497
2.765	8.00088377041623	7.03402639768508
2.77	8.000883770421254	7.166378813664391
2.775	8.00088377042798	7.3004887333260085
2.78	8.000883770436944	7.4363535512369685
2.785	8.000883770448867	7.57396930497736
2.79	8.000883770464672	7.713331586746111
2.795	8.000883770485556	7.854430875848704
2.8	8.000883770513068	7.9972617481117245
2.805	8.000883770549208	8.141813613107692
2.81	8.000883770596523	8.288075320647096
2.815	8.000883770658286	8.436034221116612
2.82	8.000883770738657	8.585676115675495
2.825	8.000883770842915	8.736985307347638
2.83	8.000883770977751	8.889944520819293
2.835	8.000883771151582	9.044534936621426
2.84	8.000883771374982	9.20073615749045
2.845	8.000883771661185	9.358526233719196
2.85	8.00088377202669	9.517881652496781
2.855	8.000883770441945	9.67877733935745
2.86	8.000883770449073	9.841186675859154
2.865	8.000883770457124	10.005081491855462
2.87	8.000883770466114	10.170432100971835
2.875	8.000883770402007	10.337207981295625
2.88	8.000883770402003	10.505375065870137
2.885	8.000883770402	10.674899905106642
2.89	8.000883770401995	10.845746106823116
2.895	8.000883770401993	11.01787816236665
2.9	8.00088377040199	11.191256941760715
2.905	8.000883770401988	11.365842604144989
2.91	8.000883770401982	11.541594361035347
2.915	8.000883770401984	11.718469767144201
2.92	8.000883770402023	11.896425332464514
2.925	8.000883770402021	12.075416306165351
2.93	8.000883770402023	12.255396876002301
2.935	8.000883770402021	12.436320163099014
2.94	8.000883770402023	12.6181382505949
2.945	8.000883770402021	12.80080223344338
2.95	8.000883770402021	12.984262318558205
2.955	8.000883770402023	13.168467869450797
2.96	8.000883770402021	13.353367421806254
2.965	8.000883770402021	13.538908810049564
2.97	8.00088377040202	13.72503919864169
2.975	8.000883770402021	13.91170515029943
2.98	8.00088377040204	14.09885266982929
2.985	8.000883770402023	14.286427293067495
2.99	8.000883770402023	14.474374177176312
2.995	8.000883770402021	14.662638094617643
3.0	8.00088377040202	14.851163552073448
3.005	8.000883770402021	15.039894873495829
3.01	8.000883770398213	15.228776213628558
3.015	8.000883770402021	15.417751639323829
3.02	8.000883770402021	15.60676520284267
3.025	8.000883770402023	15.795761010207473
3.03	8.000883770402023	15.984683301686362
3.035	8.000883770402023	16.173476431839095
3.04	8.000883770402021	16.362084990595708
3.045	8.000883770402021	16.55045392896604
3.05	8.000883770402023	16.738528440221273
3.055	8.000883770402023	16.92625408802551
3.06	8.000883770402021	17.11357701018726
3.065	8.000883770402023	17.3004437512699
3.07	8.000883770402023	17.486801430627988
3.075	8.000883770398573	17.672597728766625
3.08	8.000883770402023	17.85778098414116
3.085	8.000883770402021	18.04230017405103
3.09	8.000883770402021	18.226104976807335
3.095	8.000883770402021	18.409145862062893
3.1	8.000883770402021	18.59137397269665
3.105	8.000883770402021	18.772741329852675
3.11	8.000883770402023	18.953200745975735
3.115	8.00088377040202	19.132705928365695
3.12	8.000883770402021	19.311211338852345
3.125	8.000883770402021	19.48867236999105
3.13	8.000883770402021	19.665045341987604
3.135	8.000883770402021	19.84028744265422
3.14	8.000883770402023	20.014356802384338
3.145	8.000883770402021	20.187212421725086
3.15	8.000883770402021	20.358814266747235
3.155	8.000883770402021	20.529123196440036
3.16	8.000883770402021	20.698101000240605
3.165	8.000883770402021	20.865710369033877
3.17	8.000883770401984	21.031914923147543
3.175	8.00088377040198	21.196679110959685
3.18	8.000883770401982	21.359968339662533
3.185	8.000883770401988	21.521748864647137
3.19	8.00088377040199	21.681987763712293
3.195	8.000883770401995	21.84065299007335
3.2	8.000883770401998	21.9977133144313
3.205	8.000883770402	22.153138275684505
3.21	8.000883770402003	22.30689821557793
3.215	8.000883770402007	22.458964251241884
3.22	8.000883770402009	22.60930813241445
3.225	8.000883770402012	22.757902439861947
3.23	8.000883770402012	22.904720681765014
3.235	8.000883770402014	23.049736108363767
3.24	8.000883770402016	23.19292347757883
3.245	8.00088377040202	23.334257871067408
3.25	8.00088377040202	23.473714945799564
3.255	8.000883770402021	23.611270845330885
3.26	8.000883770402021	23.746902297140934
3.265	8.000883770402023	23.880586474135526
3.27	8.000883770402023	24.012301005524957
3.275	8.000883770402023	24.142023929291
3.28	8.000883770402023	24.26973371136484
3.285	8.000883770402021	24.39540917785185
3.29	8.000883770402021	24.519029437994206
3.295	8.000883770402023	24.640573991223423
3.3	8.000883770402021	24.760022554798773
3.305	8.000883770402023	24.877352369044612
3.31	8.000883770402021	24.992551946744236
3.315	8.000883770402023	25.10559344814534
3.32	8.00088377040202	25.216460207192288
3.325	8.000883770402021	25.32513295613686
3.33	8.000883770402023	25.43159267300106
3.335	8.000883770402021	25.53582031293605
3.34	8.000883770402021	25.637796986281042
3.345	8.000883770402021	25.737503801272215
3.35	8.000883770402023	25.834921927836316
3.355	8.000883770402021	25.93003270061642
3.36	8.000883770402021	26.02281727153429
3.365	8.000883770402023	26.11325692720113
3.37	8.000883770402023	26.201332859331103
3.375	8.000883770402021	26.287026258961927
3.38	8.000883770402023	26.370318337692037
3.385	8.000883770402021	26.451190129740894
3.39	8.00088377040204	26.529622694115904
3.395	8.000883770402021	26.60559703677788
3.4	8.000883770402023	26.679094068332073
3.405	8.00088377040202	26.750094645107776
3.41	8.000883770402021	26.818579551132764
3.415	8.000883770402023	26.88452951891985
3.42	8.000883770402012	26.947925228803204
3.425	8.000883770402023	27.008747248745998
3.43	8.000883770402021	27.066976171972183
3.435	8.000883770402021	27.12259254002108
3.44	8.000883770402021	27.175576834929977
3.445	8.000883770402021	27.22590840139657
3.45	8.000883770402021	27.27357030412866
3.455	8.000883770402023	27.318542696043483
3.46	8.000883770402021	27.360804255597248
3.465	8.000883770402023	27.400336752242225
3.47	8.000883770402021	27.43712101566127
3.475	8.000883770402021	27.471138122043108
3.48	8.000883770402023	27.502369228367613
3.485	8.000883770402023	27.530795627545494
3.49	8.000883770402021	27.55639911976962
3.495	8.000883770402021	27.579161658056893
3.5	8.000883770402023	27.599065565726722
3.505	8.000883770402023	27.616093646309494
3.51	8.000883770402021	27.63022905789596
3.515	8.000883770402023	27.64145553131113
3.52	8.000883770402023	27.649757336357993
3.525	8.000883770402023	27.655119364321944
3.53	8.000883770402021	27.657524074174393
3.535	8.000883770402023	27.656966935318714
3.54	8.000883770402021	27.653426177516707
3.545	8.000883770402021	27.64689271719286
3.55	8.000883770402021	27.63736169090805
3.555	8.000883770402023	27.62480456921667
3.56	8.000883770402021	27.609231488214412
3.565	8.000883770402023	27.590627522212607
3.57	8.000883770402023	27.56898655498313
3.575	8.000883770402023	27.544303407284946
3.58	8.000883770402023	27.516574309463625
3.585	8.000883770402021	27.48579685783751
3.59	8.000883770402023	27.451970215691432
3.595	8.000883770402023	27.41509515513737
3.6	8.000883770402023	27.3751741745835
3.605	8.000883770402023	27.33221150665048
3.61	8.000883770402023	27.286213268469908
3.615	8.000883770402023	27.237187468539858
3.62	8.000883770402023	27.18514409225126
3.625	8.000883770402025	27.130095213689334
3.63	8.000883770402025	27.072055044245523
3.635	8.000883770402023	27.01103994244856
3.64	8.000883770402023	26.947068633028252
3.645	8.000883770402021	26.880162092131886
3.65	8.000883770402021	26.81034007928022
3.655	8.000883770402021	26.73763531614607
3.66	8.00088377040202	26.66207718572097
3.665	8.000883770402018	26.583688312164487
3.67	8.000883770402018	26.502506146924347
3.675	8.000883770402016	26.418566841841898
3.68	8.000883770402014	26.33190914014772
3.685	8.00088377040201	26.242574643600065
3.69	8.000883770402009	26.150607610980867
3.695	8.000883770402007	26.05605499287451
3.7	8.000883770402002	25.958966696266664
3.705	8.000883770401984	25.859395256194492
3.71	8.000883770401995	25.757396155210557
3.715	8.000883770401991	25.65302753765571
3.72	8.00088377040199	25.546350401712207
3.725	8.000883770401986	25.437428514399436
3.73	8.000883770401984	25.326328409392932
3.735	8.000883770401984	25.21311933563864
3.74	8.000883770402021	25.097873260361617
3.745	8.000883770402023	24.980664785776646
3.75	8.00088377040202	24.86157107434838
3.755	8.000883770402021	24.740671991394365
3.76	8.000883770402021	24.618049710907812
3.765	8.000883770402021	24.493788892100437
3.77	8.000883770402021	24.367976588285696
3.775	8.00088377040202	24.240702005002905
3.78	8.00088377040202	24.11205652377077
3.785	8.00088377040202	23.982133599595564
3.79	8.000883770402021	23.851028610773497
3.795	8.000883770402021	23.7188386965448
3.8	8.000883770402043	23.58566290532569
3.805	8.00088377040202	23.451601653449096
3.81	8.000883770402021	23.316756836083677
3.815	8.00088377040202	23.181231641955094
3.82	8.00088377040202	23.04513041519502
3.825	8.00088377040202	22.90855844453578
3.83	8.000883770398302	22.77162179760867
3.835	8.000883770402021	22.634427269242835
3.84	8.000883770402021	22.497082144259075
3.845	8.00088377040202	22.359693889304406
3.85	8.000883770402021	22.222370125516697
3.855	8.00088377040202	22.085218425426678
3.86	8.000883770402021	21.948346057266797
3.865	8.00088377040202	21.811859863192453
3.87	8.000883770402021	21.67586599705355
3.875	8.00088377040202	21.54046978254187
3.88	8.000883770402021	21.405775508448645
3.885	8.000883770402021	21.271886189710905
3.89	8.00088377040202	21.138903413786267
3.895	8.000883770398483	21.0069271192065
3.9	8.000883770402021	20.876055425525216
3.905	8.00088377040202	20.746384462642773
3.91	8.00088377040202	20.618008045752873
3.915	8.000883770402021	20.49101771215096
3.92	8.00088377040202	20.36550231059004
3.925	8.00088377040202	20.241547988396377
3.93	8.000883770402021	20.119237934333313
3.935	8.000883770402021	19.998652253699955
3.94	8.00088377040202	19.879867795195214
3.945	8.00088377040202	19.762957975607375
3.95	8.00088377040202	19.647992722077976
3.955	8.000883770402021	19.535038227277134
3.96	8.00088377040202	19.424156901637755
3.965	8.000883770402021	19.315407221456816
3.97	8.000883770402021	19.208843623999016
3.975	8.000883770402021	19.104516461105792
3.98	8.000883770402021	19.00247184294905
3.985	8.000883770402021	18.90275162541055
3.99	8.000883770401982	18.805393325567437
3.995	8.000883770401982	18.71043006782289
4.0	8.000883770401984	18.61789056233464
4.005	8.000883770401988	18.527799065294513
4.01	8.00088377040199	18.440175404424995
4.015	8.000883770401995	18.35503495102007
4.02	8.000883770401996	18.2723886119335
4.025	8.000883770402	18.192242950401248
4.03	8.000883770402003	18.114600085582726
4.035	8.000883770468823	18.039457879751705
4.04	8.000883770459568	17.966809894493466
4.045	8.00088377040201	17.896645592827017
4.05	8.00088377044387	17.828950293241885
4.055	8.000883772147203	17.763705348494074
4.06	8.000883771755737	17.70088825500222
4.065	8.00088377144893	17.640472739601094
4.07	8.000883771209233	17.582428942009916
4.075	8.000883771022558	17.526723485747915
4.08	8.00088377087763	17.47331971264714
4.085	8.000883770765467	17.422177768223513
4.09	8.00088377067893	17.373254801586302
4.095	8.000883770612369	17.32650515039739
4.1	8.00088377056133	17.281880492612185
4.105	8.000883770522321	17.23933004805436
4.11	8.000883770492589	17.198800762262007
4.115	8.000883770469994	17.160237686894018
4.12	8.000883770452898	17.123583487024707
4.125	8.000883770439982	17.08877963808699
4.13	8.00088377043026	17.055765975580194
4.135	8.000883770422965	17.024481060959857
4.14	8.0008837704175	16.994862397360507
4.145	8.000883770413434	16.966846580753213
4.15	8.000883770410411	16.940369568702703
4.155	8.000883770408167	16.91536686241594
4.16	8.00088377040651	16.891773663437117
4.165	8.00088377040529	16.869525102059235
4.17	8.000883770404393	16.848556398715502
4.175	8.000883770403739	16.82880312458698
4.18	8.00088377040326	16.810201210097805
4.185	8.000883770402911	16.792687328647872
4.19	8.000883770402657	16.776198913546796
4.195	8.000883770402476	16.760674394246156
4.2	8.000883770402346	16.746053280298078
4.205	8.00088377040225	16.73227634219121
4.21	8.000883770402204	16.719285798049484
4.215	8.000883770402137	16.70702531989187
4.22	8.000883770402103	16.69544030667011
4.225	8.000883770402078	16.684477925247492
4.23	8.00088377040206	16.674086993396138
4.235	8.000883770402048	16.66421849637542
4.24	8.000883770402032	16.65482535612518
4.245	8.000883770402034	16.64586264074259
4.25	8.00088377040203	16.637287565025083
4.255	8.000883770402028	16.62905952094347
4.26	8.000883770402027	16.62114021284089
4.265	8.000883770402023	16.61349367873729
4.27	8.000883770402023	16.606086244071655
4.275	8.000883770402023	16.598886637093138
4.28	8.000883770402021	16.59186590109202
4.285	8.000883770402023	16.58499750098581
4.29	8.000883770402023	16.57825725048125
4.295	8.000883770402023	16.571623288117195
4.3	8.000883770402025	16.565076171347858
4.305	8.000883770402014	16.55859871431454
4.31	8.000883770402027	16.55217604860366
4.315	8.000883770402027	16.545795549374358
4.32	8.000883770402028	16.53944688922889
4.325	8.000883770402032	16.5331216892424
4.33	8.000883770402035	16.526813896410328
4.335	8.000883770402066	16.520519441853796
4.34	8.000883770402048	16.514236245988542
4.345	8.000883770402059	16.507964175392814
4.35	8.000883770402071	16.501704961205196
4.355	8.000883770402089	16.495462141408662
4.36	8.000883770402112	16.489240975065655
4.365	8.000883770402142	16.483048377675978
4.37	8.00088377040218	16.476892854662523
4.375	8.000883770402226	16.470784391206475
4.38	8.00088377040229	16.4647344303232
4.385	8.000883770402368	16.45875570673617
4.39	8.00088377040247	16.452862244907212
4.395	8.000883770402602	16.447069235685397
4.4	8.000883770402766	16.441392968546936
4.405	8.00088377040297	16.435850746180286
4.41	8.000883770403238	16.430460773121247
4.415	8.000883770403568	16.42524215988856
4.42	8.000883770403982	16.420214757927766
4.425	8.000883770404494	16.41539905012596
4.43	8.000883770405132	16.410816135327213
4.435	8.000883770405913	16.406487685565292
4.44	8.000883770406874	16.402435732714743
4.445	8.000883770408052	16.398682706578214
4.45	8.000883770409484	16.395251244759113
4.455	8.000883770411216	16.392164235120134
4.46	8.000883770413298	16.38944462880212
4.465	8.000883770415795	16.387115433150637
4.47	8.000883770418763	16.38519963875518
4.475	8.000883770422277	16.383719979157462
4.48	8.000883770426405	16.382699120967626
4.485	8.000883770431225	16.382159379756327
4.49	8.000883770436806	16.382122723925495
4.495	8.000883770443215	16.38261068617881
4.5	8.000883770402014	16.383644309127316
4.505	8.000883770458739	16.38524401858599
4.51	8.000883770467905	16.387429605670324
4.515	8.000883770402007	16.390220164642244
4.52	8.000883770402005	16.393633937999027
4.525	8.000883770401993	16.397688385988136
4.53	8.000883770401998	16.402399962605074
4.535	8.000883770401995	16.407784214984495
4.54	8.000883770401993	16.413855574376157
4.545	8.000883770401991	16.420627387562543
4.55	8.000883770401984	16.42811178363834
4.555	8.00088377040199	16.436319768836757
4.56	8.000883770402025	16.445260984727234
4.565	8.000883770402027	16.454943779618468
4.57	8.000883770402027	16.46537512082098
4.575	8.000883770402025	16.476560536481397
4.58	8.000883770402027	16.488504132539543
4.585	8.000883770402028	16.50120849087826
4.59	8.000883770402027	16.514674717020732
4.595	8.000883770402027	16.52890234644185
4.6	8.000883770402023	16.543889298616524
4.605	8.000883770402025	16.55963191874535
4.61	8.000883770402025	16.576124942873232
4.615	8.000883770402027	16.593361487878923
4.62	8.00088377040205	16.611333045532472
4.625	8.000883770402027	16.63002948008704
4.63	8.000883770402027	16.649439047326656
4.635	8.000883770402027	16.669548400892204
4.64	8.000883770402025	16.690342569739403
4.645	8.000883770402025	16.711805051835256
4.65	8.000883770398387	16.73391779507871
4.655	8.000883770402025	16.75666124569819
4.66	8.000883770402025	16.780014393692227
4.665	8.000883770402027	16.803954772896912
4.67	8.000883770402025	16.828458565053673
4.675	8.000883770402025	16.853500637847727
4.68	8.000883770402025	16.87905464439519
4.685	8.000883770402023	16.905092985922273
4.69	8.000883770402023	16.93158699975059
4.695	8.000883770402023	16.95850690982322
4.7	8.000883770402023	16.985822055388375
4.705	8.000883770402025	17.013500872906704
4.71	8.000883770402023	17.041510988519214
4.715	8.00088377039839	17.06981935159934
4.72	8.000883770402023	17.098392308250446
4.725	8.00088377040202	17.12719569421617
4.73	8.000883770402021	17.15619493766203
4.735	8.000883770402021	17.185355152094683
4.74	8.00088377040202	17.214641265234604
4.745	8.000883770402046	17.244018104304875
4.75	8.000883770402021	17.273450527380124
4.755	8.00088377040202	17.302903438822867
4.76	8.00088377040202	17.332342031018797
4.765	8.000883770402018	17.361731885376383
4.77	8.00088377040202	17.391038754601745
4.775	8.00088377040202	17.42022914372593
4.78	8.00088377040202	17.449270133380047
4.785	8.000883770402018	17.478129552026033
4.79	8.00088377040202	17.506775978021786
4.795	8.000883770402018	17.53517895575429
4.8	8.00088377040202	17.56330900807701
4.805	8.00088377040202	17.59113774588378
4.81	8.00088377040198	17.618637925127484
4.815	8.000883770401977	17.64578354226122
4.82	8.00088377040198	17.67254986452328
4.825	8.000883770401986	17.698913560049117
4.83	8.000883770401986	17.72485268504499
4.835	8.000883770401991	17.750346783175235
4.84	8.000883770401988	17.775376855109773
4.845	8.000883770401998	17.799925535954692
4.85	8.000883770402002	17.823976893535246
4.855	8.000883770402003	17.84751677203373
4.86	8.000883770402007	17.870532516262973
4.865	8.000883770402009	17.89301313240584
4.87	8.000883770402009	17.914949287561374
4.875	8.00088377040201	17.93633316305231
4.88	8.000883770402014	17.957158679496864
4.885	8.000883770402016	17.97742134569427
4.89	8.000883770402016	17.99711808195392
4.895	8.000883770402018	18.01624754318447
4.9	8.000883770402018	18.03480974376579
4.905	8.000883770402016	18.052806351265463
4.91	8.000883770402018	18.07024023315084
4.915	8.000883770402018	18.087115715839197
4.92	8.00088377040202	18.103438410818182
4.925	8.000883770402021	18.11921513788203
4.93	8.00088377040202	18.134453864790764
4.935	8.00088377040202	18.149163754201368
4.94	8.00088377040202	18.163354745702918
4.945	8.00088377040202	18.17703804902343
4.95	8.00088377040202	18.190226277391755
4.955	8.000883770402021	18.20293045718526
4.96	8.000883770402014	18.215164619900424
4.965	8.000883770402021	18.226942622055823
4.97	8.00088377040202	18.238278788103113
4.975	8.00088377040202	18.249159460735374
4.98	8.000883770402021	18.259684872812592
4.985	8.000883770402021	18.269785023268632
4.99	8.000883770402021	18.2795036628036
4.995	8.000883770402021	18.288856132018047
5.0	8.000883770402021	18.29785768344968
